490579526
1282683109
125161112
1074427411
129607501
-1078997561
1294094923
1209128535
871534958
1136397915
-511636096
2103510427
196130277
-281759344
-905370422
-2054018044
-1208139871
-862643819
1726222887
2047991591
448049738
1264973963
-92674647
1880752095
1863570820
307008635
233729112
1159471456
1242665077
-1237985655
974086486
-1316827764
259815813
-1480156823
294784324
173161093
-2097471900
215870226
1853945828
-1046067837
-1065727920
2139960754
262180863
1469368038
-24854376
1236632545
1033629065
366515086
716462427
-1682418664
2033783298
1109049194
-584827243
278769508
-35239138
-504040113
-1211575461
704149334
350788519
1109456906
-99508379
351084349
-678605150
217489591
-1803677491
1062093975
-2143348560
1285221972
320214550
-83502397
-578720841
-2141717872
1162073199
-1908875781
-723853119
1270802409
496762423
-1291927166
1088543779
-424534795
553029059
1097141529
1395445729
-1735958273
705816671
-854925898
588890193
1129754069
-770265709
-1675149960
997650173
-2138846497
-2030913882
-209156396
-179253298
-1981938317
317065831
558515988
-876106651
882023016
-318453462
-1981656062
-971925044
-2115787544
891114769
-939718432
-1342987187
-1235310966
1587690124
1789648538
1481069986
-798294880
-1439982302
904450878
248510798
2075776716
203172976
-492546901
1626686281
-173636903
-1389238926
213557896
-969982750
-2010177081
-7658495
1367923576
-750150687
1796938279
1680656540
413739403
1432545259
-1369056343
-1969326486
1289798135
-1259466198
-749090829
1241394559
-1799246841
1816355628
-2077207373
1899808094
-1137867950
-1900551413
1506392823
2001275838
-922375888
318808014
1432340411
-1811444848
690526570
806974991
-163798589
1817264193
-39627216
-448970787
179804331
1846786364
1777934159
636980707
1162301756
1381069234
500361378
-382316855
-1952849152
292118685
-561298487
-138147622
194558743
1190724865
1814212889
570001894
-1706600372
1847358068
-1250718765
-134205079
1204368482
688136673
1497105815
434911468
-1949536588
-1743746424
268952858
931700395
-346289156
-1994406072
-445973482
1227134583
-2047484046
1874447392
1754826882
-179526435
-252874472
-695472141
-193792765
1767360648
518419796
-1972580725
1358081185
-1236052509
-1966691906
-1691498785
-1569065539
2136893698
1395141435
1997511064
2056718402
204476866
-1840080566
-1627132975
-132852965
-1601069522
-934110563
-2076331490
-45210396
-230119644
908891883
388941775
1388194787
1082311479
1000389124
-47106442
-66813639
-1802566697
566465573
-1728122459
1984050004
567255215
-854594675
1795361532
454591399
1150317902
-20212912
1706795618
-2098639971
-619367159
-1864213654
-938207599
-1232847670
1543272734
1039625750
-938264104
-76844957
1061358876
1923001952
-1145991396
1770846704
-838525566
-1984631815
-1469590753
-1661570753
-556716890
-35192758
-465152508
1155704731
859501016
585443531
829024530
181468222
1167754951
314651284
-290757449
56165379
767985442
-1395963085
1521683152
912554079
-1889663358
-466974016
-1184282329
-1465605742
505512070
-1700033745
1934794813
-71847911
1797793599
-519003931
184332872
952482150
1118909391
-2032891763
1384038014
-1583068206
-1406722740
1359584811
1919945876
-1576350254
-2031822359
940372336
-1462039423
-867099544
346787415
2137377616
-1042534777
-2032853795
2025410408
-6326063
151500659
-138725972
509073910
1215590182
849483042
1334371009
365192450
1736383740
-1570080953
-1084761885
549450271
-1105855214
-1418743700
-799839123
1663680528
-583156209
1432593206
253308740
1576780720
1643484047
-798900244
-642713084
236669714
600769662
-1134471623
-648031108
720252648
621005481
2111094577
1037857116
-1530448344
-615409774
25338769
346239276
-1623027732
-183709053
246866506
814932096
1372948377
1532535781
-591602880
-1831164566
-144517309
579068369
1466769998
1775554607
1725381712
1903145447
-491463027
-1141800132
417870426
1373500510
-1902290474
529491546
1816721498
1389546588
1623098500
1406130464
2018001922
-48899704
1970237822
-1118349143
-536131735
898954972
1588858484
1002572935
-188683027
-1020030273
-250110873
1017097975
1165126996
-1834027950
60271727
-1907801003
499426356
-453967350
-272915272
588666322
-1404057963
128998782
-2043604531
-1952537757
-1150722092
1456859265
-486193128
2014347516
1586936009
739051379
119085481
-1938599170
1637616940
-1033554732
1391698998
1966136813
-159435980
1933621785
770014050
-1749590683
1276811648
-1456102974
196981570
1370592846
-1186480326
1648572076
661032732
1198610510
-1082750343
-1643141981
836229233
1258037887
-1258741529
-200896965
-1356258755
1609621345
-1314773341
829074399
393116796
-126292974
-909277336
100255786
581852144
-605692228
-1966461458
-1075597963
115849761
197181517
2048740752
181000368
957067685
925281645
1702765102
-897120907
1446910625
-644214100
368265812
249227098
-572200049
1898903547
1399398299
-502815610
-12164543
1802243934
-1716866737
1328801158
-621659868
-1751024930
-769833646
2000522849
-1456313143
1678867907
1631093567
1087796457
1870943649
-1470722814
-910971439
344303699
-2015159800
-1238011148
-1543336314
-339927542
-1313293180
1103198793
625145727
-1663248449
-1243919795
94622779
-2023358550
-369502524
-1722814960
-407458299
1399741730
785412250
-1243223313
-1875400298
2018476501
816765128
-531119156
-1713590910
-1014014362
849212398
-1715399993
-1504624584
1720119125
98289689
2048644356
408019578
-1036257187
-333701545
-480235855
234757385
1854968349
725166478
1024322375
2052142495
-299143686
-1572387191
-1768473073
658292513
2034627651
1402743123
-2137487641
-1444972268
-591683435
260770760
423698245
1258697297
1518878848
1838985576
-603098244
-288644364
1805187178
1461933166
1882385470
-1442352742
44970675
729272352
