368685737
2071632520
87610247
-1610962631
1733178907
-1519361444
-2103951750
904880011
211794945
-900743468
-1283075083
148120990
-1763744666
-1597402988
-1433823479
-696315076
988973031
294322402
-1205564910
-322027008
355484858
940844115
-1303270048
2005635372
1421629426
-1169582903
-1832532968
1722307258
-958413056
-2093926756
1986790236
-388090448
2105810300
1201249558
-1344532567
-1715207752
1392395045
-1553022427
-748163967
1278867439
-1801310682
-1149893301
472302153
-470094595
1701377435
-61430312
541826675
1750888549
1988560978
477310043
-1100639777
1612289309
-1922528299
-177506474
1595462014
1873358688
1097213864
325476144
-575226568
173644739
937738446
649930095
-1877675761
125395846
2142693778
2006065958
1231144068
-378187220
482281859
1702849195
-961094599
1112133710
926777791
656494733
-1928285737
-1741776981
388387188
-519303228
-648268239
-1941891966
1066270372
-1191510742
985264553
1818429475
-923416793
1677393450
-953661742
1053311171
-281321994
1815688886
2042411863
1107786384
-1720665947
-667278722
967731994
-1389380091
589607217
952929630
-1192097376
-1583034498
-1746042885
1615798039
-632678997
26903566
-544058860
202796609
-1749802200
-1825566832
-1958641733
-1288909184
-1924767925
782868476
1326786339
193220085
-669076744
-279455237
-16765064
-347695624
121055076
-1885205828
-1353058268
779461379
1929998588
1788945160
1876899917
-1530165264
-1692023675
-1912156269
-798829918
-1611222937
-1266722172
-420658539
-791568041
439572113
-1837939489
-924745063
651722349
538583057
-1649116477
-784117099
-2102653898
-377022925
-644727096
-952957127
375783960
201026918
-1480834221
1928781195
-2140929647
1343213543
1325019452
877045427
89143162
-894165057
1753380016
646307091
-230929009
-178986001
-1946782633
31553178
-21270482
483251432
-1983342920
1372063834
-1838125986
-778814400
-1858946596
-1853354153
626076179
855317411
-131464911
-532057439
1311835823
1461604103
1529290161
861180580
-63450164
-2145313245
778597443
-1175815747
1443069496
-918556383
80070241
-568917487
-1735483072
-235135855
126042362
1528759450
1624672817
-1767638879
-921954920
28960130
568291355
-1696024693
-1873083963
1164382643
1029563352
-1604931762
-430348117
-1171963474
-1539785652
-560199008
-404495622
2010813852
-309918995
-1848306398
548235534
1981406882
450995333
-489384235
1529379664
-2132629127
1880681014
-774769972
1647307995
1522458173
-958792002
1548614947
-1868614557
58329476
215024636
513457199
-1012635822
1239130802
1486388403
-813594378
-996916429
-1148263542
1871646348
-1673116959
413854035
1979188488
817422433
66947759
-827707227
643822959
526522552
-166250323
-168775194
-589505635
-7585651
-1201831389
-424480256
-185664603
-427258284
935100945
162680499
-701575009
1472027965
-1674766053
-446459534
1474457529
-1867164487
777607361
-1993257846
555583634
1551565884
876604882
195323529
91264711
-47450300
1954496034
1744795613
-2124343091
-1881504358
-1790431878
830463675
-1825710080
-494541864
-947667505
138521921
150982140
-362530774
-810156361
-1678649890
1591251755
-902645928
-405012456
357317105
-1583988065
-788787709
2133441570
-1625719120
-897855710
-1174037970
292039806
1144704075
1159447946
848836864
788725447
-1601184944
25417808
-1168003897
198745145
-932842416
-1688399773
326623040
752253095
65324483
-711084230
-405306347
-292102990
1675113512
1588022824
265019302
-254501065
159680624
-2089015565
122009100
-153320951
505716892
-10653274
-335305126
2070619615
-1366817116
1490801574
-1546750427
971098512
-700378725
2071059458
489689414
-424982403
707884303
1180756239
-1774960163
-1873933235
373678773
1140740916
1345217689
-247536161
-1139301819
1630007554
1970249015
-749469316
-902478941
1484015751
1519210312
2012637772
474074943
958661091
-661659850
1730400523
-1121183555
1948217115
-1403125880
-1439069700
79042519
-1297859283
-2110189980
429717021
178154370
1207214691
1315129173
1155845019
-96703665
-1030054420
-2041524914
-1888882296
58813204
1072110760
-1269772049
1180558026
-1336404789
108926786
984372998
-722482090
1636105401
1077804419
789341016
1575541406
582603730
-1310588187
1272023968
733702728
79617115
480518247
-1759299881
-813166561
-995326767
-1256398945
-1625486155
-665408434
-496415479
1206666005
-605726345
-1527710517
-180463208
1368940493
-1008768541
-2018548976
1033329012
1623424037
2144936840
-882913008
1026073051
-1985689631
-1790747318
-562425496
-1124031373
-859045500
-1351042019
760471253
-1179114574
-85353247
1460606992
-398819610
1934018943
-1998962960
-1955877491
-293678094
2117600281
-1144151323
127049439
1725700683
2035698999
-1303495554
1940818419
-1351564109
-1549713551
-982504548
-648726942
1996762126
1287986654
314791189
-1655005266
634062425
881897981
1292743880
-950804533
-1735927590
-1102011432
613432561
16760289
1694751129
566603878
820631229
-18684592
-307235826
-555916751
-1680779232
-1144911628
-352000741
-240439240
1176011494
1787066025
1865720379
60434198
2096587016
1370349329
-483491844
-340950942
-440364480
21386644
-434451542
-1406612391
789864159
-604779352
428461132
375296442
-1850629154
-1636265390
-1210229036
-806451215
-983503822
301895915
-952917615
2108346231
-379106461
231692327
-192126232
-638727048
-256651937
1217737299
-1203091646
-593459275
1909690251
-1472083491
-1580475832
1691072939
-1494886630
-159702247
1256718157
-192158731
-477448030
1446506050
-253987572
-1696391954
-1822677780
171996606
1844732050
-1855360614
-869634293
198814885
-384298115
-125369915
-785211473
1630806403
366379366
2045852268
1360406970
-594486947
327948443
282514012
1153487891
-72722702
-1806568943
1337748761
-891097926
-1827646910
-543454056
-540669952
661854493
520676435
-535263408
-1303931473
-1039378519
1399991090
-875360421
641297316
-30275933
1917561399
534443219
-841783772
-1899166665
759097997
-648504578
1197205085
1070742481
1173561330
-1142802496
-580514098
2134127787
-1418734150
1939936849
546103782
1715893670
-1534138344
-797191889
225388267
-271396258
1623084448
-1051347116
1602894109
42857848
2102818055
448975019
-1697635045
882490429
651311917
1184052672
-323503996
-1332136084
914472285
1620029111
4941792
-2000460469
1193380819
-605237889
430321345
1973352703
961806462
-476514489
-2103718363
2112013085
210943494
1088229680
1715211550
681283456
-1777689841
-1492204477
1907810228
-1955492772
1295285695
-74543964
-652109814
32804499
-1306399874
775620616
66815422
1903675207
1402753276
-886687900
441624470
1417330351
262293111
-504322074
-967879848
438741038
801002557
-1392920792
-1191708680
-1086037087
-1603863696
2043897507
980180472
-2021605384
-548403447
1482388065
1206520331
-585510137
-997103330
-1648189706
1658955260
594115230
-301455257
535196336
1182766030
-1821484330
127541758
1928384013
-1433923805
2041965997
642622310
1517557613
495550689
-1474332715
-340647731
-277746168
-881989358
-48695608
-1423471723
-786065375
-761363701
846486559
-1754919664
-1639276421
393938896
-117134812
1551903115
858478348
1981297334
-786971227
95784845
-179689232
-883987382
1004212491
-1223878816
993264544
-1167868047
1275471018
1829811920
2100901731
-501318448
1443379289
2037280050
95259907
-1786236819
1856639557
-303207512
-735608124
931712406
-2082500862
945225122
306308241
1208235265
1939936994
1038546343
14824312
-1565099724
2035717258
-1278238124
-1908830120
-1503296217
1357037761
-258371675
-1512235559
473172263
1341577099
803706995
-793899621
222024188
-1874589066
866913341
1629015217
-296489395
-928955341
1264839978
1689650000
-112638397
630264167
1337559630
231693251
1712753005
-335756605
-817890772
-1728756574
-669870365
-524870574
67975547
-1410194878
2027602861
-710269423
-1173294548
1329242991
1194369893
-1346833980
-547213652
1757556056
1499019034
530016775
1520336230
-1307209014
-1559910793
-513311070
202983563
-1559393631
78374692
-200523230
-1522375147
-1987208838
2008544875
-15151964
-1567153144
-858037587
1717864734
1179252723
266425594
593859706
563369400
-1596503851
2025595094
-1148132479
-789357374
316184993
680435164
647285111
-1405496456
-725394923
-1851230741
1322842902
769692844
-774145946
-886236158
887081301
-902743063
1335969687
-985770492
1440276953
2006601434
1996945166
1386159803
-256171350
-1865279252
-1580372125
-216783842
1098609962
-992404174
1947314299
1649894870
-656284606
2123842185
420531413
415807486
-2116197923
1809653244
867876387
-312660438
1850339225
876937065
-854601956
-269765974
1680088764
-1979341724
1824507536
-267039216
1147149156
864204123
-1857192004
1273750254
-448153854
-1970966279
2103163871
-362651165
-290052600
-406181425
754776332
1287502297
900162785
490043953
-1188470206
-2014443385
982284321
953045598
1176186041
-1624518851
-1740047363
1825064163
880998014
212676576
-975063299
-407128768
-494208446
1879275058
-531422225
1239403723
565783661
200372566
-789436641
49568212
1059951993
1804558739
235299524
1858600201
1169915262
-1466335657
441507516
-836155108
36781320
521295999
1948841852
-170411870
1661716272
489856213
-1325086655
-1762419138
2064662762
1446247129
1575060619
-1699056898
-1156105830
-1826802748
-346852149
273622788
-1208330003
-1701734967
1682737754
1696880744
-280062490
1611032477
472104621
-107441059
-1247655113
-807073734
-2108247609
-374143342
-1667777326
-1723283746
874658798
133249754
-743841090
57915225
2091247265
1677513998
83004718
-1928984952
923893960
1126851377
86390222
-373845220
1654342189
-1961841195
-60091808
420204192
1357918762
1234840254
-369738617
829696697
-994589276
669545924
397607651
131438254
1641998391
947647485
451262301
-945172182
-1142037326
596641051
-872640829
-1807904191
183492805
1220437777
2010539414
1679348144
78241785
-117264388
-923763166
-189878936
-1588952609
-1973353919
879332303
977712205
1067118476
889282290
1457102775
1458149690
-263410620
-1966917003
-1260139912
2000130632
-511230604
-194824345
-329283766
95348816
1586748901
478620605
172311635
1213037229
2058661935
530764844
-2140496839
-1981793466
-585620373
-370550326
30414073
-2080381237
-978287317
2024410613
1443592183
2028633405
46325678
-189595533
1232541525
-1319289164
1551874896
1847481306
562009223
1250635868
-634694593
-1457621966
535755815
394816960
176311667
229610456
1856850693
4377162
845352415
-1285483867
1683730562
-1297840374
1888697572
1563145038
582033949
-1593433930
-1224994298
1504396045
-1630268338
1742764529
405760993
-665282687
-883528558
-1946098224
-1364008355
-1228208430
-935984953
-1768630631
565004320
-808010216
815085497
1836790989
57036612
-741369347
755277564
816161384
1892631881
-342989408
1164937723
825503334
558307917
1230021564
-1001714095
-660980599
-1707399302
560547337
650637655
-1513904807
1315530943
-1019545887
-1195549955
538792556
-610263615
123394343
1342923229
-1529554201
1461847572
2084889188
-1349401459
-438901692
395685029
-2047265998
-1899469772
2085374805
-824609157
-2006183459
-1915988897
-36546169
628975774
-1758958778
-2020764651
78285419
-1338058410
-1877017078
435602472
-1008556686
-990805864
-358968348
-810979635
1228812280
-620454979
1878256975
-578898833
-206144637
730470517
2507631
-1197116993
-420031413
-930022662
185566257
372519695
646878205
1929606024
-2043302736
-342456096
1324031163
-733194485
-2137201190
1570935225
-1563951001
621735706
-1865398445
-610480839
-370943967
-1619569372
-554081127
-381842321
-1112764403
-1051144984
-1946089368
-399731863
-1300354215
1806881322
1635107423
-342048758
-331660162
1636617635
-1566889246
-1057306080
1001835973
-1029462728
1070530882
-1405128522
-1009068532
-1906074769
-1331722213
1051109541
1106269641
1683763742
415286269
1620222065
-1742190513
-268237724
-1094418354
1819979089
-725183152
1098238941
190004846
-1372359281
391351970
-1019542256
1927443228
-253826030
-532609467
956557100
-1530481129
61337913
1119633573
-462839052
-683227128
1532407017
1547061019
1842027766
-482438497
-1576536599
1707105977
-804284670
1496286971
539187820
-1326274746
1231420634
-1349648818
1196465647
955197063
811583526
-453934912
853983301
-260848704
-1354649686
1523062420
-430186001
873592698
1850971578
-1802827895
1121884593
1540043653
1956407788
-562713470
-1095331999
767379264
1141764623
2074425192
-1802276863
1283081239
-303059364
-661482161
1942916880
-883186100
2107067627
-1169830185
1444202780
30983674
1164992616
2125761236
2016639900
-253438889
-331592186
632526641
337421820
47769913
1502521010
234724369
1055098872
1404232923
270098316
-2058396362
-1481354964
-1128650272
362782098
-1883492954
702461420
-1876462697
580716702
-1755088501
-1925939887
-948089729
-1843734126
618302042
444226707
-1508710130
-66381871
-802428616
381334430
-1054119250
-854214160
1820328856
-584122658
-1945121017
-984965715
194573864
1433277022
21106563
1994820383
75866605
1742369296
-1639697138
-2037860561
948858796
-433235090
2111202333
572094790
-1801427572
112219201
154871026
1786390599
1520530168
125850303
474049565
555831999
1331893962
559076059
-171432123
-45758885
496419749
2145807577
1332171304
2137922202
1450813089
919453984
656857055
-983452990
-1675381714
-455291565
1441514598
-825005289
-104849615
208535201
-255292836
1408066890
-374104461
-1003121316
-1562025722
-177690576
1528243259
-793825848
-444465511
1364362931
1697901624
177898037
-69061960
-1018363379
-1692925019
549042768
1712006459
439786290
-651645017
-1017848907
-1622196943
-621197427
1426740728
1948987335
1090712616
940014831
-208942134
-155929916
1452612011
1644792004
-625135899
1881333779
-353809653
1605150343
-1372017390
-38703136
-1350851742
61376887
1394990524
130865642
1891690452
-1473819254
-689532461
446542235
-1197034472
151454626
-1729741325
501559128
743140150
1512787198
66282181
-2012710118
-2059538287
-1349993998
2015139749
-1880257475
1829858600
284876762
-377414779
2015736471
1813095704
1871796812
-1256255472
823073996
-1113022107
-468767860
816300817
-1336414239
1859039737
-1709494204
402958870
1071825934
686427115
-128476556
-1463946160
-2051695913
1980991493
-1904105561
-1826761027
1335468637
-418757248
656016998
-386271608
10705393
393753873
-852910351
2092864943
1916791785
650498088
1606267692
1055745510
-690106185
1792770166
1458670039
-1090771525
-1357639882
991132592
151722242
345861114
-1131631033
210179987
479421375
-767539886
1965829020
1376705063
-307593448
-818313160
1178143699
-906180026
-1134398909
1372848906
-941369402
-32717729
787179028
-2051872648
918625057
-1619077257
1880020914
-71033313
1473001524
1175187056
1344193165
-726249098
-1650252535
-1666889330
-682035825
-138348819
-1743231559
-1493988298
-1408366703
-2083874990
-1690707973
-23960840
1071554320
1390153591
633349117
1800537550
-1923546848
-1516919278
-104601994
1318591141
627841952
-1203430429
-2100107268
59620381
-1312522578
1535777308
189855122
-1671386995
-377816739
-1855413508
1035284101
-1799758519
935579045
1803511996
1710087031
-85188058
734572442
-502124881
423764667
-931051202
-725154847
1677105316
682241508
1073030896
-1053879969
1735658638
-1341418344
81364522
-1172825550
571312742
1834033321
-1517380375
19435492
-1154048432
1513242469
-1771059967
-1118775587
711119100
1810871341
1443659033
95046938
2112961103
-762290108
84014585
817072156
1819023937
-1635634200
445231112
-2076312030
-693199864
892378278
-1122636529
1458605721
-1241438346
-463272726
1553791555
444964307
-413211489
1984641237
1992332929
-2061322249
1394431422
1045742675
1812920539
1133702968
811150168
1581489771
1164917586
-720606903
337229473
1027716569
-2120012315
-1363357680
1062116895
1818243801
149214666
-1059087975
987871373
-1492483515
1212554491
1541167949
1884369409
-1086947870
199063027
555392099
-1645977776
637421046
-835553351
-1273242731
-103816271
1191551005
-116804067
-867976169
-1513878368
282455900
-1612752319
-775844412
-156596220
326703478
-212582566
-2020760422
-1459169133
2051861886
1992923064
1285567336
-1547752331
-2087854163
-1969005053
246324677
-1891010009
-1062130059
1449793222
739734852
-1869412446
2073281749
2055775793
-1200319003
-1816739909
-956011026
703282714
315495885
351861196
-1970983465
-1668241339
-1528824775
1959106452
-628567124
-177245980
1401942960
-136864421
355408109
1009038688
1892641656
1568647258
148038148
1979358041
1643764810
-714021032
853767207
103855083
579216456
1523743128
1404744800
-1689202893
-52613586
2110609394
-458243095
587138065
1637308360
1034759231
-1043952195
-1621364690
-2088416349
908901114
-1252910741
-1526959040
335561223
1626129187
-1024936148
-1628802932
575200548
-2103543706
-1654236872
1532380588
695932042
-396821636
-1029001644
2144935314
-435100706
-551324463
1015402927
1134837964
-1252740918
-1271679641
169845742
-1594229751
1371511861
-1711570439
357769605
1242618331
1984901812
1931275363
1161316936
1212822718
-1012846529
-754950335
2142006849
-1011784360
-1822733529
-229818411
408024003
71897346
-732939705
2117093933
1904077503
318790790
-1556977031
174656388
874185045
1031931690
-608692405
701112040
334409134
850113005
203143923
1299058717
1059496200
94099216
-199292545
849152193
1474418706
1999189463
1751509840
-394417232
-1110844295
-914442608
643967688
57524905
1644563394
-1279063340
-480261822
42312241
-635701414
-329019892
-439537854
-158111817
-1276300821
336472630
1910090733
1057584632
-1892409872
2044609769
-1523058757
1932383140
1827049867
1727854742
1618587242
-225554367
1140745109
221584912
441709621
-375942320
-627755529
1291840077
-244532666
74152365
1396838711
-996727698
-1219275160
1693803835
-696474283
-1226426372
-1438752256
1879139007
1471366104
-1761368204
-28044227
-2113582580
452847395
1735435013
-2115925106
-711377824
1412029196
-1410021481
-1791444396
-1114692338
-813770066
-1245165041
1446243032
-1854988196
-111691906
1679758033
1809387135
924380334
146136476
-1555329659
-276411332
1571342819
1536706923
-1697107682
-642481595
918579966
-548158877
1935868952
1609805577
-1707418103
1689480997
1207345408
1401976160
-10711499
210114255
1481670457
-1148112892
-201407418
783131537
305955836
1017923647
-1203222227
-1324631424
1948917664
-37698586
1249578742
1040153769
-1835042021
1651850885
-2072443932
148227433
1634957768
1865466331
1646293977
1120827900
16749418
-454807160
784505851
1382989394
-1291400592
122830340
654136469
-1576983767
-1021361542
-1460727085
761984314
513941847
1598044955
324023286
36296495
-2008517017
-554798368
-172474716
560929290
-1843513752
-694339951
-472809159
175017622
-1300715776
-1585798986
-2006606226
1612442617
-536201273
-1706963620
1645195211
-1494764776
1741368274
-468318696
1036622681
-2015599558
1774897293
-2095699380
873238682
-1868109077
1541676493
965203880
1816649917
-1688247262
2104408868
-1905387788
-2031049203
-23747930
1337255543
-178810613
731901611
-1602808404
-1585567794
-244543446
-1378066820
756676037
1368800875
1871008106
327646308
1247009782
-1171926243
1754622602
-2101993805
1631594280
1848867797
524371954
1832823519
-922954814
418964601
893322996
-574677900
-43341420
2099327224
661925972
1871185735
1915216886
-1245516642
-19523830
-2013722383
1003141168
1966676648
-1205149882
-542220933
-1714201060
1680096282
-635080269
-1012495530
-1457291510
1578458832
943120127
1568823949
-1690095901
-688748077
219412379
-445609155
-2003184752
-2059068690
-2104091713
-1283850428
-985424228
-1483216512
-1047885904
2147109687
-544047849
387203730
-1552703419
-1084497254
-1764515394
1693061675
-1099693146
1391350602
115412312
-1677668893
1758683735
-350206915
2073606498
-499911499
1779000436
-2050086034
1154042094
624375833
-885317826
-1192104174
29254599
-1670667694
-858005803
-1240537585
563421145
598756868
-1427486649
-1736905810
1428364495
281969417
156178377
122452622
-557763075
-20296572
-1636630717
383320795
-1510674816
1297996853
-1082824431
-1281495104
-1224606812
-2139664626
-1748622585
2114850842
52400517
-654989561
562050486
-1856743827
1403213304
375066158
-184259603
596648987
456007083
1308079873
288771714
-1565617198
839178122
-1200493057
715561042
-110528698
1216498276
-1480249220
2065852037
189529120
-1976268594
-14984012
-1798395626
1881680949
1208172359
1350586147
1215010706
-1234715398
-1511374692
-1818132205
634662431
1532355127
-73010034
1909488758
-1400244545
-1876486149
2103807153
-1348978443
-1738693930
1432295375
-1536089194
-391989688
1212758249
1938058542
-571463124
-793942072
-2087134552
320101684
299812707
-2128591550
-1748277459
-710863468
1409748497
532976909
811892102
841963215
1589456153
-850017442
1702732656
-964162142
-1855193655
1266146010
1451005029
1367707583
-168717180
-29068692
-2010055463
380334016
228702112
-1084742568
-117692993
-1395450792
-1010933615
-1537744240
113857617
1336327883
764717894
847690822
1908793873
155651231
-1435576365
561637570
-667660022
-1240465261
1433551439
-2122175628
1537597531
2067508944
-1953860353
-465640116
-627415819
-1184782242
-437208909
-1472174263
1933470371
1891934681
2029111152
954489424
1224466762
239554915
1284080974
2062569534
-1223566734
2013050844
-343481437
-1709452736
-357819644
785860944
-60272031
1828487265
121341269
1799202993
792945596
-254011804
1952227170
595782341
1544586767
1328114131
1168750941
145462369
-1898055680
531805527
380270696
1187497943
1912298209
1860748618
2146093471
2109625772
727811929
-1957701238
39813468
753640590
1622181955
-365145968
-69260619
447915140
-698884139
256274368
-1093022903
-129154713
-1860470011
1556208898
417505084
890046608
-1217792217
-214262384
-1958014593
705951186
-1071702566
1136832017
-683772844
999857066
9943845
33064935
-1480442351
1850219189
44708316
-1738528828
2146881059
562797665
1986622024
-651335293
1328610901
-107068185
969815814
674745653
1464140882
-1849962376
465349679
-440600199
1608476520
-830517322
1587209401
639143696
2085686926
-838027419
-485572068
1173168559
738175656
-1508427934
-2084556232
1168337431
419168520
-1165914925
-513349771
-136182429
-1336681928
1232389023
1765338923
1978750368
-858941194
1453136672
557959748
1344559010
2065153407
-570162665
75492384
-124222955
-833169136
-755409440
-568278088
-1322516014
-509561431
133009638
1846653701
598402931
-1768180205
-2076117928
-1549887326
-500622808
-1083854300
-870008548
993841072
-1769462836
173396802
804545539
-2060727815
814033459
-580831963
-886154945
1770170455
178039237
-48083232
-1834669295
1708422486
-1126775473
1291806753
-991256634
-1492457960
845692696
-1695768905
-1970232605
296863097
-247369933
1980383316
1424725407
-236229262
1248185107
-1138197356
79999633
-1125584190
612094564
1397076797
2116188329
1044833994
414086424
1772937928
-1506258588
1448727480
-638171457
1571683104
-336730565
293852904
426906395
-582870871
763484508
-27329146
-455366669
-225842301
-976038501
-954316937
2141120551
473222927
-1256904277
-599690119
-253330428
-1799137871
-1838521720
-2116681848
-2108509479
-511685417
1362336055
2135026819
-1723569718
1178041658
-313628751
-1573172209
686754787
-312366237
-542436
-229008965
1124204400
1509006449
-1022432964
-102999963
1760236683
-127524072
-2061048024
-1407938341
1706608885
-1937671955
1568296768
-661317948
-239307479
2017880032
-1766674338
-1909999679
-897993042
-471857144
-910004149
2143533262
1953606572
488707494
-1307311245
983844334
-1909599294
-728489117
155741148
2103687175
-1915246058
1843801308
233452372
518706442
1642548397
1846103392
219763946
-279876010
-1153121029
856006391
1585957278
-1228930722
-1730361923
-599095898
-1285182373
-1254605176
-345837049
1857219314
-1890113243
-1272669608
285802904
1637035425
-578966642
636308685
1301501557
2052049351
641794158
-355245301
-391587916
107478272
1008492242
-214382791
-70965864
-2133857543
-1048671180
411460268
1074887390
-1557526987
-1626632212
-2058371516
-69611690
-165166834
58829286
-446315242
-57077836
-1839871240
1818919061
1031834955
-554664281
-602382835
1272756775
-1035842745
-1635019989
1323327685
1663137018
-1110191347
-164435941
-1662361596
-816557234
-1669510175
-1050275575
2120525145
-213119430
-1985742290
-1375901615
82439556
-58407964
-1178582102
-892196245
1796375353
1185182956
292377015
561803905
1807073827
-1648007896
1877341708
-1575228351
-1114487253
-1975954538
-2108115564
1645825779
1857243897
-734806642
-675865195
119272909
1531838394
704160055
-2143107307
1062218118
-1237724381
-619678917
190622840
1154477864
-1445790794
1977170878
1195488621
-1798737878
524730436
2111311499
-72770293
-1994698819
473777330
-1750248816
-1880385994
1171292518
1271717631
1321307276
1771983431
543847628
-606127995
-672685818
-136360468
377596627
200327038
-158547584
466061387
825362408
-1852363575
-287475476
-1638791059
-2075560034
1254367726
1774881631
-111487782
1485092218
-779803809
-2024825596
446906751
-1735438582
693269248
1795740754
1328723928
-1237765316
1863487209
641985409
-247898806
1906664172
-1156556694
-2071173831
621558736
-1940220226
192816975
1668929676
824758490
-413667795
1728073060
-1887270874
866657905
-1831011356
-2057449925
-1123829565
-211297634
1102431052
1226723116
-237733152
-1095649012
-2049934491
-1949793379
1473174453
177261292
1911302873
266639746
-150556319
1334640920
1099723086
2082105895
-1373342105
1349835899
-1638919685
-1174703316
198043737
275691695
-175303810
-578495535
-2073207342
-1526620953
468617451
1214646900
792987560
1365227278
-1812113369
1104973398
2076348770
-533011152
557748599
-239181403
-1612262169
-1827802855
-1457050541
257410998
1091868024
-1354014149
-1764868736
-1554887791
-1513458208
1301088724
860093021
-1154571598
-1493983766
-1829917360
1812274556
-1523353586
1588183826
-1956089109
-395870092
1229939539
-280852354
-72354662
-1084883212
109875316
-1682019794
1537809707
-1786841317
2040060772
694069106
-824953942
-92669177
265118753
881516700
263239942
-425818196
-414392589
-796501001
1959721973
-1131490074
1484793077
-1392499209
873236244
-166260016
-2085828396
-980909903
-257503919
221423702
1188672470
-1331079539
899790988
1963869960
1089605406
1443275833
1706425980
-587798479
-1353253587
-1345909280
-1361748017
496174888
1997858732
1121194907
-544131691
1220848869
49898856
-561735385
1787949278
1667768534
-2012021603
-1640254248
638873761
1863078643
-84654730
-240059954
1162629599
100619024
-1918357292
-365514395
-438788601
-421893775
-119703730
933607409
912948124
996058275
1722512504
366866603
2073281812
304869513
1655894632
390431973
-156390909
-1461056844
1317120373
-660577659
1059438200
-1776556040
440891458
-1841517136
-360571737
1145790267
1163433978
1896356293
1095990471
1019489680
-806858532
585981324
827746109
-2081249405
-199494918
-65522002
225633530
1709943734
1481512764
833728616
-44281312
-68638036
1666608299
1905107323
646526699
-186918940
1579849196
1750963559
-1588245810
-1595025367
-797910263
-796093225
-1516370468
1526169896
-1075465353
1579843934
340550761
1897889347
687959124
797243492
-1790656271
-135467356
-1436848401
1903620442
90171448
782061715
941419405
827820852
1688128433
-1986179572
162327658
671333656
-67340765
770260620
1574704381
-653926829
307766921
-820809173
964071808
429472140
1798026553
-151283217
-1115227473
-730390725
2120263497
-752623266
-167956017
1010707291
282629166
-1656386220
723024113
505131613
-1486634587
-1936706537
1881426807
1684703584
1948981717
1075569320
-989087017
1148820895
2000740277
-1563966629
239031199
-287305942
-664943189
440670633
329633464
-1108622631
671500917
798992197
-737144082
-720199812
-2085715892
-459420052
-1154659665
1847454295
959488582
1201407361
-1534848494
-531990835
-867361797
354578392
1254228251
-368075430
1664149355
-341528623
-1878845891
1256861126
-144087777
-1330297303
1975960863
380096663
-176483699
-935390580
710978978
-494761018
-1732066624
-75642515
302989091
1965252278
-1851835080
-811109606
1942146045
-1466029727
-883202290
1355171850
-1992044207
-806858028
1143954011
1298366073
940537608
57598685
1311838170
-795288266
137202713
25690881
-1837924660
-1960302661
-390888697
-892921165
1243436827
1586804606
-1696845139
1056570051
841923010
-2144545146
-590061763
-519517164
1212126059
-1565151424
-1864872058
-1520847470
-956924583
1296426386
-1807814028
-1829474974
-1433253752
1510485296
-120366883
-894359206
786339602
2036363566
296060794
-1400790350
-896653357
1250123991
-1081613006
-1197858564
-1636059056
-80120388
-1593914978
204193873
-1141071660
-1702639857
29093833
113272524
176066267
510279217
1729614135
-2124669636
-1805909580
564134024
1838624040
-1030832364
594111841
992223894
-408207331
-304335450
24586177
-2049836985
599748507
1888531088
1981973488
154506889
1200582190
-176579210
-334315538
-1657906654
1693260720
-1152177935
442804350
271747005
1892525515
38126278
-573434032
-1717282491
2095688891
1389220698
-1236226207
1473907829
1723101272
119242853
-474645598
-109066577
-936752813
379545318
-2069802025
85156365
137818815
894730326
-1328272446
346519477
1702389715
-458840288
2034479232
18627441
925587950
-841454001
-684468174
1674706047
559579866
1287798921
-1772730402
566386596
-616933548
1357904443
115323800
1277863559
1831787980
-104762603
30448860
-1966958533
2140253544
-1819956552
1705055038
1327554333
-1070966450
-691041106
1918196548
698806239
1521208354
-1413578854
1006346130
-77869595
-1800579123
-672910416
401674312
1052655823
1740537216
974414950
1716458663
-519286954
1352708600
-754810517
1002926842
-553184421
-643653117
1331458776
859869875
420952893
-875775166
122743973
1878080723
1009241194
-1756955345
325256541
-1697808753
-1546519752
-748923295
-967572459
1326223920
1221471221
-1577053682
1527224730
61469242
21721404
-33678894
852883689
2034367184
17832842
1044844462
-1878883613
516734294
-363123184
1616217170
809826625
-1296045480
933743818
2008665502
-1480692539
-1152715351
-17762353
900612454
1821530801
-974202673
1243949035
560846965
1777315196
-689629282
-1822515094
1562607060
-438528829
299887394
-2022798794
-1008169396
-221026179
-1712867646
-2087310300
-1616032728
1819151219
2075667361
1697305738
38685502
809533678
1598144071
412502036
264640816
1759160753
-803581312
-638662185
-526735889
334781481
1676820868
-1719725914
2006593664
-1656337438
2144411223
1397210532
-51135486
1489335357
992992370
386476058
-1225568017
-1340212640
154942627
-939683190
1047170722
61192813
-1360288719
1566121220
642928920
231601141
1312932418
1478887607
-1279627526
1017039279
1183950721
-1117183798
-1863789606
373196900
-1933167621
-974955412
1557756605
-1221465811
1210646345
-1937568214
459607257
-1709063456
-1376968972
-756534145
1651255455
-1530536249
-1439338732
-846938191
2042729723
1666966675
648298810
941285594
-831658791
386699664
385652111
1961408068
713772779
-485445863
-1304739267
2113005818
832617897
-880116659
-737104627
499978139
172972953
656375554
-972424368
1969482353
-1047126064
-1800802311
457366531
-747451199
1982013111
-401066413
-1150857171
1921304420
1667408658
-133945788
878646668
-940611434
1618498366
-671942906
1400018800
-1289083635
-951130439
617227279
1767082469
1846197837
800010215
1494527365
1718719255
-1926153670
840400403
410479601
-1062885646
1904426990
-99050573
1818913587
1187313928
423620044
-796005137
-1556578123
1146529976
1983020245
-1218809244
-190476061
-1649046645
270222650
2058138660
11483098
2107226593
1540094001
1265096961
1675807071
1318830540
2045584139
-1687130613
-453059566
-1208114117
19943302
-478174634
-2008689694
992215130
-1609345697
-1962411264
826941379
-1863577287
663662891
-102579343
1934892702
-1716428373
1800533095
153992676
-32710775
1386240624
583967437
2033506343
1729638712
-316600682
-108850967
-1380194146
1291564210
-1678251493
2046564330
-457656435
1264052039
-1821366569
-1088572739
365811861
2136168384
-524407912
2008012887
517675135
1818720984
1325808014
-97638574
1275102008
-1597910293
1616251881
-273795397
1673348636
744709869
614878656
-1785094103
1789129334
-1303149412
1256393268
741742354
1370612807
-556078599
1716026069
-590929575
-1091579578
1678635508
-279717820
179979562
1709032488
1043714149
-916582120
-1995980790
-997390303
388131139
-152007931
-855696599
661571753
-916558065
-180202949
-1017630470
688286083
-1780321135
-447849717
148273157
1478155002
-545593914
215595472
-1370118405
-1494061459
-1444930536
1305146636
1844708874
-455545074
-1631649329
1419892177
-310378126
-253230362
-1679558457
1911642721
-829173416
-33155044
1654716515
1018408728
1747143386
345006709
-1264380223
1181372810
-185782685
-1301762786
1023078702
-998587928
931301183
-1234697047
140421084
777676455
1420554353
-1530692267
-320642862
1679984226
1226691268
1191221650
852985379
391085055
-1796607969
-135588669
-1522125982
1711048977
-1087516643
-623503803
742360660
35646077
1147331037
1502548143
1820903143
-530508961
-2102499562
-1643589285
185768547
1868378670
-958628755
673809445
-37571105
1322017821
-879570166
-175198350
1510065141
-1740883260
-1342378136
214330483
-615157319
523925503
-1661140628
1068326827
-1537616154
-686480362
1292478905
93664686
-1309889190
1728274973
1418870850
-842029014
-24114236
618440350
340291615
-898216149
1110546331
1488598132
1967602852
570933914
-1679924655
456721401
234668976
-1460219898
-960830008
47216739
-952282814
-1294939994
-182856700
2098497387
272341073
1902914462
855879202
1426077487
-1081400100
2011246721
-1607706999
-506489256
-737191106
-752749033
-1217195426
1757319807
-469067577
1260411231
-1159942595
-1049341748
2141604233
-1848919850
-1380009435
-1892094752
-2004482193
-1190057991
-1228009293
-896679436
1048909458
1387058953
1882332562
-1247894974
-740371761
876851982
1742837553
478453923
-436739436
1546158621
-1515937865
1186549881
1963410170
-1080033316
1902346547
-1146904626
1899725081
-2035564986
992508184
-820662339
-789990250
194760363
-1850849561
1445285648
1444482944
-903645446
-1682148819
1329527594
-1147725988
-1297254590
-684885072
1005423399
1340988286
1198564214
-1249219099
1439623489
5684378
-1181887120
2095743140
1020296821
1146722713
1770814264
58508318
-1319881627
359757232
-1206172283
135071502
-74894976
1376578479
-1102136701
557083694
-934169761
1506935446
401584342
1123640044
633449330
-277727378
1929901790
1722414941
1809318363
601149525
-1510233540
-571036303
-338779495
1009437913
-178125931
-1476175000
1199290601
-1176434807
1287166613
-796477564
83934440
1301961929
356017718
2104003840
-408275076
111471334
751041858
299486272
-2018680715
1274724202
677042966
1709238857
-1382090002
2081392048
1911925928
-502774926
-565111815
-1431172422
493611466
-1350339236
-293894278
560048705
860044975
-1459887074
762146643
-1545275123
525175214
1317265093
-381427519
972046471
1677881670
1664292603
-1878746107
1686085515
1724765793
-1276747771
901878342
1265755267
1566353117
-1345853198
-1428920907
53376176
478532679
1139041809
-863025166
-1947085621
-821726487
-698032733
951245486
1912710860
-1189329658
1129057233
-825297264
-389926648
-158976413
-2028891681
1554938972
397722241
643730441
-228301662
-1035168686
-385382279
-726610871
-1459540433
-1194065965
-1563121336
-1989888
320902868
219111754
-1481131921
-1190443492
1221372236
-2101633463
-163719188
-1239605666
1202439725
429637618
36051663
-481904543
-1715283291
289404312
-1012073204
53625306
-1919431067
-1285055067
-512293741
722671392
154688732
-1459586883
-2040799330
349250799
-1724330584
-649893085
915706953
-1763564952
-1778302903
-1617858468
350524775
183363419
-67666153
2042209553
-646000494
-1972673847
-109146763
1199278905
-286979709
-281545308
-811309753
1269230711
-32434524
-1107085864
-1293314143
2037186240
-1071852829
361061774
404079808
999075648
1503058121
-2145981778
-1329127619
-113363074
1342134986
-375115098
731541119
-1268752195
1707715806
-631247254
665601137
1739332005
972313424
-1958477125
973822580
1624850978
1729276629
346032298
549407127
-336998004
1472232927
1021925983
2038829573
-528565496
-47637709
-1225218026
1839080894
1114387501
-1127169607
-1759684246
-1759909239
1375289834
241726866
-1641070890
-90904791
1754312614
2120323695
-1521789065
-923660338
-2107124568
-814239968
-328159466
-347216434
-1358836808
1237100139
-1912694682
1187405460
129761542
-2112104161
-1587165303
-1989818920
-1761920437
-150536857
745672920
-56815856
-1973519058
1196429155
1823133667
-812824026
-2133887000
-598133004
228866742
52899690
144592938
167556823
-570677922
1193473737
-598672323
-1575208715
-1755252309
-935203265
-324236693
417860600
1856628534
24019850
1040251549
-1092344287
-1141665883
-647580385
1680248389
2142896472
2405165
-1326965151
1982182013
-1908169596
-2123194024
-250342640
-2039420816
-1876070884
1404400136
1245019647
-1993715719
726758398
-807908677
1064924937
2103752841
1439206527
-1347275761
533120069
854219852
-723888958
1834501000
-437273992
303147406
-541669299
1589779857
507326667
1892335195
-1502003751
-861531200
1141406653
-1248429466
1704844649
-167615650
-1425693862
1757563691
-552606819
1427986469
71190701
1548883543
1300776519
1461606219
-1445925262
-441194905
-1034318274
419305151
-846227185
1206861198
37681778
866944178
1490287045
-1950600485
1620197440
-2110839976
512661794
722255259
1521253639
1868750063
117028026
-648752389
879504635
1513657344
498058262
-410764814
203635513
519304164
577820907
74398045
-1798471910
-1234680439
434196110
-2037283733
1117862603
161959029
-1052803929
-991360710
1829793565
-1118670837
229990692
-262371902
57350297
-2080459507
-1866041999
670828273
-1950373417
-283096222
-1230429467
1453831704
1872254735
838513688
207522431
-1702127483
487130864
-1772174421
-1185770543
1017455984
1433074864
-1076886393
-159811781
1920063002
-1822388381
1262435787
-629196964
-2076961741
-1064533360
-400547249
1391508934
1630415483
1443746817
-8623128
-1936879888
-284615764
1653215963
788981482
-1939060368
1687651223
178099181
-581619219
-276077463
277014157
-1104537780
-1852885548
34267457
-59501824
863089439
1615829514
-371006313
-1020429975
-109766730
157333775
-172594572
-1508336021
719945953
1924520242
782272960
-751432905
462153855
750300575
-1228014858
-512663502
937184853
117400476
-576989669
-1252954667
1151674656
1660928015
-267404309
1293318101
-1788848916
-1734864573
-385032619
-807991677
533467814
512686315
854367274
-1186076044
-854070032
1001869926
-1822907376
303191652
1731892788
1282783556
900715196
1813853015
-1333849093
1748595720
656293983
1410142976
-714552449
-1286420689
-1121701535
852255847
-1829551234
2007823473
-2100371892
1062457029
1177268048
1251109446
-710850806
1199363762
594515772
-486152277
811238739
1333211521
477966854
-1415342043
-760589728
-2085262614
1782006732
-1465291770
-2000964636
-817118998
986158609
-1628032786
-2021063620
-754558489
-68657894
-406638956
-764687900
-1775617770
-53600648
1859406790
1317933613
1529255200
1756425446
-1441333331
1628062508
-1364036349
-1416819372
443061078
-1075734283
1496102710
1268799811
163608429
2076230153
-19732720
-726994349
-1148997046
1812811532
1170572394
592386841
1553115697
925755835
2132189570
-933934794
1911738325
-1985312996
1820982050
1247200420
-754324194
2128677110
-1921257727
1101162579
-277275604
1222509187
-992545688
-78358540
83995290
1102091363
1851095832
-422396141
1337879814
1787532244
-2067245974
1232006507
983582417
326463776
469240504
-536124299
1069869603
-865365674
-1724265733
1536993858
-601156559
-1644884164
473351349
1013183882
-1732785726
-697559165
-403758063
102762244
1471436782
-368815044
821037639
1046594551
2049252648
419961739
54929477
318203408
-137011585
-517122663
1596776331
-231058314
-1611354848
-142717490
-1055650474
658045467
-1696161761
1734468416
-158014464
-1586025131
682485366
-334377882
-124750170
949288108
-160959155
327475728
-113714421
-791350027
1088345723
-809589349
-2056256069
-210226017
378198860
-590055841
-2114599821
1987567692
817248132
-1844696468
-1869579584
1200147619
370198692
176094838
-1913486107
-3182236
421694827
-119074547
148399361
-1921549892
-1628466785
1374477584
-604365199
-1883011623
1174950412
1403873123
690774898
1583280577
-1603412787
1468601311
1790212363
-1761299105
1533096393
-2015996534
-493095639
1110159839
-878073984
-1257067001
2097134347
-1986396102
-883533817
-2132823984
69720544
-809102060
-742729135
1069611681
-236179027
-33174075
-207107153
-664052809
63177332
-1225213260
585362841
-2017159366
740084114
-207865108
-118301778
2125888886
1584861544
1900887272
-1300062727
1911507537
-1165093058
1457830065
-156656779
1188331385
-1615238301
72955690
-139284270
1535946204
1929768856
471923370
1657630585
2102911581
1115019181
1429576907
1658112206
1874176452
-1263693716
1901278593
-1799444044
458416117
-934432586
169500526
-999601579
-1264009628
395860204
-1705136781
917714466
-1160127032
-1778211696
-598186614
100618265
-554623218
-466021845
51746002
161896261
762425232
1579681136
-1976839957
167751563
661036166
1275578273
-194823549
-875335006
2014554556
628992561
1293980977
835456355
944791429
-2099630166
583633025
1108208962
61965295
915824336
-687645105
-44170724
-986418377
-2035244026
-34680232
1552422962
73599871
-1398020879
1553516301
1950502517
-2011291715
-1711691173
1107358634
802893059
1957144054
-1748859815
580181895
-1949032463
778376364
848170158
-854671698
56777290
-2056936555
511585138
1452082093
-1964219048
910123917
1709670894
598784684
104521761
244408780
1816862666
-1159855679
2138518324
-576173477
-1454119319
1637560962
1417362597
1604730307
-1396949356
-775909157
916535381
174444040
321324117
-1946971358
-697079690
-899983659
-817836763
-1056565400
-863026611
-2110315272
674032713
1552095762
738730810
1698570511
1351866744
490193319
-724446731
-512364157
-1495343679
-1507798038
1182486553
-820197451
-779670869
672262187
1359396838
2108968055
-1340293219
1676471001
-1959566782
795500478
-720649856
-745159076
660271361
-920543339
594356386
1580680481
1515444581
1258744403
-1717966627
137068789
-1898046744
-624930800
50722807
288060311
-1673998792
1209345876
-1537550772
1099857031
-203777918
1991653649
975142314
714862628
-1993896205
-1496827949
1052105339
-1820457995
715345531
1363277365
777270057
-2054771642
918965203
139661462
-652009027
-1939063049
1669963713
1310653965
453968841
53276559
-1758669926
-1738294119
6685832
967145623
921530888
761433244
1414145347
47744549
2107662349
1356099466
1418782709
-978733642
1285112391
1847287261
874545202
-2102902975
-313757067
-629381044
-1149981116
-961373304
-1780725447
775829563
-1527535466
620608432
1854586911
-2125814924
-631392427
1486857748
-837505059
1990805271
-265787821
1868991573
1737240284
-1928045105
-1119850193
-1966952779
-107228169
-1320663738
-1212428877
-1726308187
2104811906
1405183706
1941403772
2135343771
-414802803
-22841456
-952965152
678036777
-750955416
-2067774648
1450526987
-685029045
1290526314
-1084000462
-1230574741
1874063872
-1813345810
-2132009088
-1710522802
-1425179877
-207433570
-309080995
821036232
-1279186598
-1779480845
223253021
-836131878
1580869559
-1934913285
-793880395
204517071
1721476606
231235421
1382493804
-357198359
247581855
875804826
783913426
1245944637
1799199173
908464789
-454891791
-1772129829
1116273574
1533608021
1543736258
-2066863311
-944653284
-1942718456
-2014494750
1687361200
-1232137868
-812911286
1917047685
1056536495
-2072057722
-1093338201
1954894250
-488032880
-488293371
-671826594
-2027021936
353626656
-1183249128
-1210389913
880843624
1887040067
-619720407
-247731273
-239096757
-929209136
-246322948
916262594
-1960467090
62067641
-1345587966
2147050817
-1932410221
-1249903761
511711982
1265524021
2022208450
898876548
1551077512
-238332629
1824167480
1400322961
1432420290
-1546669888
538101920
594535257
-1753638904
664220007
-1392030080
82314542
1620959452
-9660567
1038235381
-90381421
-1833393759
-1338585299
-761742685
-1700072670
239071926
1446325945
-505019162
1269448112
-712127546
1325631352
-1112744884
-1567927378
-989682851
807866429
1525079623
-1794674734
-537267265
-2047775865
1319059998
-864243467
-1967015691
1872186886
-1763551451
-818311618
860044327
1596754270
-1351994835
1892215168
639418417
1460633386
-1050395075
654468064
-1311710353
2120892483
-1422744447
-2017929029
1856621275
-468722623
-1815625854
2082153158
87779930
-1772051135
-1670836841
830050166
810647122
-1337431064
-1635101029
-1385913183
-557118849
-1156188248
1095301343
1128275044
1068397063
1796947777
-837119646
900676423
1943960779
-1376115317
901870399
753788063
2122964479
-1518748047
-1865637274
511447347
-1930162180
754737216
-384809586
-256406494
-1731225260
443483425
1323221866
-665183741
-615575769
-2112962332
-1533411558
-728732082
865298612
-689352962
1488414692
448828153
242448434
214564052
-1597452253
-346249626
553753824
-1550552006
180830079
-2021059717
1341260378
1143155253
872166493
-1842632686
-313196242
-606636536
-1447491431
1886072212
1631483055
-1167747986
-556569230
-2080544800
-1037297144
1833376547
1691955909
-954491280
-1802875757
31629481
1482476926
886313918
785888107
320838728
-2141877
-219083036
1054716991
-318127531
-1007431279
-1156293758
-579027095
26697911
-528261725
19948515
250136894
-1998946394
-371717071
-1401534110
-1641839449
488426166
-1618425346
1734516490
-381209872
1558349332
-1564024875
-100095364
2047745248
-1982786546
-936811587
1498828565
-2010117879
-264646952
-1507718805
84477775
-1292876960
-674088308
604636663
-2035380121
567020047
1328468850
-1855128878
-594400192
-1427999863
1361443969
-853337096
-299786873
-978574881
1368707622
1328219489
-765246953
-1289070766
-162011837
1111946172
1456009117
-149274584
-1377426823
-93825953
1531016831
-1456306750
-2028181078
-433069960
-366678279
1195278062
2041354681
-76040312
2109093001
441160058
-1937042285
-1539298030
1538667405
1465030921
-1813905549
1638874511
-399774423
1611687721
-1161706655
-245506396
89019758
-1201819485
-1707437573
1831706262
631992248
-930612203
671281783
43271933
1635405143
-1825413698
1988860647
-755861833
1320931952
1717456025
-945743425
-563779809
1470653733
-525779796
1170215828
-2066526081
36104947
-1764840799
1330190630
-520805950
-538199972
1062294677
1443715488
-1374191763
1738823365
-1541841873
763213085
1719156176
-1635826528
554790388
1046082414
616876664
2091717581
748587482
-2141838566
-1835976473
963283517
544424218
-1660394331
-957946234
-235296552
536378698
198288917
-1769674278
1424604321
-896326486
-526904655
442220790
1852628502
883896253
122829579
1802564400
1434157788
267256859
-1731315391
216963607
577570203
-1302386555
974148991
-1326578268
1085687847
-611867078
861466311
-506728530
888001503
1299032968
1184476148
1137177251
1481055322
86197157
-1289864965
815282036
-1179858881
-1700513857
900535412
733318865
1421616243
-259494576
-441896616
1504930198
-1906170502
1380799927
1225093388
-1304796028
2013043478
-1324465404
-697878114
-93103308
-1293387212
866956819
-555373491
-803457465
160456968
1978071515
-1012449202
-1151407902
1855764854
-622026745
-1216887347
-1575595687
823729587
1491448518
-1517480655
1236529449
-612834516
1155182559
1028714148
1085583404
-1918963802
1723375879
1802161618
1824661255
1034632358
219014518
-1968392720
713092326
1519562002
-590249801
1882339839
-287013781
-458483433
-1404042561
-986626735
1793786851
1839707213
645291329
1257269324
-2128345926
823407129
509884992
307146093
-879237584
-622375853
397715429
210057871
-674459827
-1061842904
1602563474
-695516563
-1459626990
-1767926464
1110482486
805898853
-41997840
-1330052318
590625763
709822590
1988540286
-15726377
84607133
-7184980
1099615077
1539451597
-13361037
1862283346
-1720199522
-772437250
643242195
-213013753
899024351
-128184495
113828122
-1216175204
93320786
-1269298624
1507528811
-1659294114
-438075000
36719034
2073496769
1198301592
-251734868
490451018
370448198
118934875
-692369669
1724562551
-893629980
-998085760
151692147
639083118
2109463068
132516845
1489164746
82566110
-2047134441
-699727592
-876655967
2117358115
-247543558
-210235191
1968055033
732661414
1779732350
-674239197
240351973
-2142020222
284077502
1001372132
183708545
1827565163
-861422253
-270917141
1127059490
876806091
-1780870499
138395898
-1310021938
1156583469
-46885789
1547560381
-978172946
-666955298
1821178014
-1988562933
-1492693694
-823968559
1041791633
-49819798
1296510996
1749129923
-365863395
-839227944
1263404720
-51695201
-73345966
882692808
-1405935342
2074406946
-909503159
796256874
-1116150559
-1880145726
-796081360
35609903
709245084
-1145477429
-595465563
-17149044
-1309741550
1510672843
-1197984696
-743734787
510910487
674272048
-45540469
-176817844
-184895628
748503599
-1964359989
-298043630
-439842017
1484790246
-449110876
291715710
-230043733
825691588
2004931200
1900781909
-110802431
-341962712
-209276815
-154070727
872347984
1391322952
-873220544
-327126739
-1335153599
1639509076
-657306170
-1690716329
182531439
-875423526
-1255614855
905596680
771781398
-1379072405
1532417609
47799033
2020711946
-527711105
215212972
-1341171753
383357929
-415651691
371891447
427221762
49418387
1382055070
-2099560208
1972152720
-319812902
-1514688613
729201824
1020314519
1386653814
371420292
-1677966740
-204734549
1532034363
-1135363220
1586544230
-484449627
1457260941
1825706209
273202144
1378901926
1328393235
978186136
-265121726
-463303589
947681962
-1864400822
223862557
-1495542399
1989654172
-754891816
-464860289
1365342123
-1891774447
-915389515
-1052480888
1622163523
-1600967483
271869060
236931901
1872812750
632432122
-620183809
1557276572
2129473139
-2056752720
-59366629
1555829487
1706004413
398813971
2070948201
1817491813
654101151
-1319113163
1164408511
1726514397
1602635960
1047640829
-1530259945
3259141
-381560871
-1487826082
806685878
589097123
1994970307
-1431009077
1646824592
-1625805262
-1913078220
-743297815
465725674
221397424
2012967972
1762564486
-166153919
1699166646
-1820481717
-1811381303
-1178036630
-1194953272
-1367458585
-434581845
166460922
92157934
-1618367813
1777619109
-1821743129
-191970429
1147178842
335003818
-356513169
-1720707764
87624357
1815150168
-255834056
806521036
1587452561
-541578903
-1215896392
1356070613
703365165
725498991
-1239573802
-897033886
295366883
-1663164736
-913180207
393044132
56072189
-1969725010
1469164641
1322214746
2053516395
-860807941
-1889432037
1000682597
558767810
-2102747509
-1805241575
1707028379
-962157688
235856219
-2017802791
-124870693
-1239245394
1524957105
1186815845
1967625312
-1189991075
298783893
155598260
-2022644902
-660085003
-1365229441
900824144
2015043514
1152120402
654427473
154743608
103848013
-886590896
2058972551
-2103959545
-1763855348
758670481
1368568492
566967636
288505777
1793083773
-2062592241
-62198692
1896972429
932777097
-451189065
-1350920994
1754275992
198919356
-1437871213
1570234182
-784578615
1493349743
1290674421
-94311155
1505588904
-315664556
27447873
1044067167
-1124141535
-2143326792
27496673
119200765
-269422438
570371084
1366375803
1208275044
1863944262
141471649
-1414176666
-654060753
519077563
1137136050
48606553
336284601
-829079102
-1594518105
435129957
-1513576442
890794349
-2100480104
-1642272220
-301041438
1670329199
2056331023
29530418
-1198347190
-491264089
-1312736751
-614711588
-1637119477
-1621290499
-709065633
1992325399
-1991420247
236752241
-1176125703
-2125227084
1162133634
-1962517391
-1562534941
-1513198896
-624395471
2095557226
2102223402
-1684961136
1136569655
-1806970208
-1058451927
-1479177714
-2001136680
344358978
-1929235960
261285774
712311106
1052195768
-1955456379
788282356
215652596
350746944
1093139446
974686074
-1500975523
-210928456
-716002418
1756522909
-1464669757
969516732
-1318344481
162301528
1894455142
129826547
560364447
-1373992300
-1883585307
540413862
-1001281106
-25066530
1438847199
1470260882
-419264169
-2087092390
1676464349
-1492234498
204829653
-1827298313
-2078903954
2126354702
-199222247
-141083677
-721603437
1119421017
1896615370
-733781695
2014409309
-814672966
-1955882867
-1480965607
951828436
1699776611
-1237603450
1521102736
-57466853
-1524264393
-1331075811
-1826100136
-2124241967
770346839
-1004905724
1788407401
-220259655
-1813248771
841145977
1737721840
215202716
-1965886583
1021690056
-1159451768
-912857491
1157093337
1645042708
640040871
1711695022
-606868003
1296426069
1179792730
-832779246
-2069133207
522011812
-729164236
942139236
-354053556
-659747658
-1769538173
-809350745
607227042
-1078512987
1839214789
1630564221
-1025597850
438742262
714722138
-681307444
-707032757
-1351538473
1823584634
1206817950
-2063558709
-1838718808
-155271576
508928328
415357055
316004028
488399335
1472950990
-545703247
-1540360096
2108563693
-1069656699
-1654824913
-1852052197
1338895766
-892775686
808663138
-1873439177
-1347188133
466233106
1242937502
2076410496
923954307
-1199643790
-1332722246
-1694442933
-1903242791
1095755040
738042595
-632584263
-259916386
-1223622550
1072069037
66461500
-1869557567
1255081734
758632298
-1603187622
-1273548467
963447930
-2082800705
603506353
-526519006
-89715522
1606284403
514593594
-1229437977
1011210527
519307914
1906021841
-469720002
-2002096283
142881938
215398132
-1916983238
-1047191753
-1359207876
1745887690
-499815155
393159102
1546835245
-46571929
1211916805
279152521
504425238
1254575182
1176177337
-436297552
200295681
-832224969
-2111262593
-1361493189
-1837705234
-1997221871
-1288685792
-196635708
1442149022
-1105953719
1820952782
-1948699558
-225669971
340254028
348736853
2062745000
1256616678
327153227
626548881
-374823338
-2089327406
1449838141
-530072544
1233058990
1579775890
-203598806
-1060321193
535139970
-1570549266
-1860453467
-6469511
-675210419
615912877
-671679079
354506278
2001570968
-110097882
1559271752
958734352
-1707986785
1528224791
1175466385
-1323606027
18285364
-626686284
-1424506255
2082257864
-224014110
-392742397
-410572085
1692370481
2078236756
-1668689306
648547947
596021816
-380678664
-1697139335
-840477624
1809649212
237993438
-315480034
307348745
595630633
-1271511066
-1035832875
-1084387894
-1780871959
-589774310
300507472
-947737825
349740315
-176370344
-1390803386
-1363115944
-999661310
1236060212
-221924217
-867229946
1055414719
-2095510500
1008510032
396296894
-1319404094
-179201860
-1563966496
229786908
316896894
2095354274
1895140938
-754545142
970917211
1966371365
-832767091
737625154
117523441
1881348995
-470360607
502514192
1501442930
215818569
459227219
-279080356
1663848294
1239611383
-2083153261
-157353497
-1759504482
-1608259101
250342924
-347451179
1545717090
-472320419
-547217355
-1441337238
-441671700
-2113143021
2125211174
244889880
-852843494
161081271
2121717102
1742435513
-518622370
-1169912866
-328700381
1608227096
-69681672
-296505557
2090283577
-177590603
-539648921
-644723796
1812045335
1822547913
342985756
761782915
-1392961945
670004103
-2011364495
2074325704
-584507603
51394980
2029048024
-1702233426
217215003
-1634915815
2002041175
588359396
1400011298
-1520321241
-1882387917
1480791101
788869708
1407827867
295899627
848218002
-2137508408
-954095789
2062005351
-436387866
-1778148538
33106944
-1097953679
1686587084
-703724155
1278224428
39017572
418931461
-1392063703
-13498754
-1358784478
1219711340
-600160303
-236699843
165249611
1036691478
640789097
815835666
-935261525
-44169291
-286206788
1121757201
459951091
-229736644
259661900
-393582086
1988791979
-1872558648
671685733
1985074875
-337639577
-1574949186
-638412433
227726905
-108542920
841251888
-1037462140
603653199
1119911269
-234032252
-447881662
-1298853866
868040027
-1426335657
-1490912287
98061158
1491473377
-787107426
-560514681
1537420957
630474895
1374092558
779214554
427021470
-1791311744
1474770109
1717104343
-1998736612
63081286
427035401
1238040545
1382814488
-1980839138
434766008
-5570275
-1005253209
1209691236
640530785
2126184700
-1202122503
936730696
223064585
1055148312
1516712342
856575682
-938852848
365224772
979291113
-388959293
-1180438962
-1947739170
525023746
-210723924
-1633761672
-661727898
-1157717609
1702458115
-283712312
-1857502892
314383947
289054051
639205341
-1845833179
-688272334
-446281804
-501784865
-1631716682
-2005174636
-949737060
-381407258
1145343702
-1302925583
-590992843
707420316
-626992875
2055819333
-1340728320
454122784
-1300317726
-1495485811
-1255226344
-867280595
460301268
90575497
-2050907990
1752565627
1812564295
127103426
-1831984476
736617316
-1483829461
-1465027890
-1025093972
1771172043
31234328
1293940178
-2107115181
2002130489
-423558492
-888047289
-1718545782
929592648
1857952249
-418823423
-808930220
-409967292
1175793569
752915821
316532925
1370223630
79777699
-1640270566
-812098806
-193982141
742127572
1753858682
637954097
777897886
1671847782
-312890392
448217739
1904683162
-511237180
1557183468
1036459207
-2092642725
351628962
-206501954
344887329
1638340558
-1140332209
1621377544
-232410668
-1753447666
1810829645
-1344358928
-1728148531
829999625
-1249394142
1825074773
-1277039456
-1315003037
816580720
-8712873
-640367937
-204973670
-833252797
-70838243
-971278616
88699498
1862684842
2036054738
-957089313
744902770
1159798408
1020807407
704018781
1493462294
2066055339
-1740702273
-677908408
-1329563481
-1184967907
1521795360
256443939
-70928703
-557287494
-739117946
-1369509433
664026356
-1024599550
59018309
-191147181
-2019952730
1806064688
927201550
-586991264
-1151559369
1727693195
324773306
-536558215
1563481958
545319419
-1185346234
-1170487
-1520592141
391574238
1056353566
28297750
-1169160828
-406712036
556619678
-2062601746
1366258124
-1765525384
-525751595
-1609661921
-881929751
2008998953
-2107920501
-1264526485
-51703795
837129385
-1783438203
1695169660
519853408
-973482292
1920547334
-37408491
-581280987
970467347
778289561
45596810
1863461403
-1879159743
-292022770
472141682
231599141
-1834424273
-1882079295
-1386583910
-862604244
1974433244
-2000479967
1727439163
-1141219260
1965221320
-1979615376
398462063
-720766451
35946881
-578511929
2099573217
1350515035
951051133
1371385949
1983888324
-1030484711
-915662806
-2117446136
-1922543610
-1745269142
390413379
1099728386
-1947907900
-738983408
1926311013
-1850192912
-1399603200
1153616913
1654069730
-1049322464
-325868912
-1066108521
544938195
-918762990
124894809
2072167703
-1895040141
-1182506183
1848115133
-1441613642
646123179
-1753779710
1088393809
2129548007
-836072472
-1085444843
971495635
1180782936
1826149428
-297445670
-133140390
-111327730
-1350842236
1120260414
247706319
-991470898
680579918
-1484510794
1176661147
-720083265
1679521631
1531027843
205044129
1342061132
-764053526
970880568
-43041425
241648975
-831459869
2037804665
-858051921
-479200405
1643503245
523431684
-1740452381
1830001337
2093623122
800775157
-1361866927
-1705494362
-590621998
-1092040123
266444859
-1669842662
181611325
1978942867
-405223597
-2079747107
1022565861
-423416281
1208549485
-1400271818
723764238
1256485682
1769005942
-2047230252
-2016664312
-586830502
1448281764
-1616533006
-950172289
1489591670
-1451044882
-822733899
-1299982319
-553921642
-1339528770
1269428952
982786849
1333854789
444780261
-433930870
-1726287894
1865794065
891953615
2129412758
-1493559593
-89962165
2109981431
1854304452
-559514352
789306378
524081820
200913023
-854878376
-1237059466
1102530996
1311028151
111396373
523993922
480261665
423419912
-1749950800
-917587846
-853105118
99137307
2021226015
196011134
1002168076
-739385012
-971456321
1487874381
-273777864
-1377649011
1736448870
-1765682170
-611554497
1877844361
-1187999304
448202412
-1358473628
932845836
-886311495
-795493847
-2032529839
812575649
1880513700
-1368105835
1340410374
1316333948
-1406003974
-2025418825
2074287118
261027994
735865309
2129251275
-931735565
1820131110
214091678
-2062357883
-1553704205
2101317662
141366675
1717231190
-1043174413
2146696758
-1691133650
-1043785235
-332847437
-1742423812
360838730
-635540480
-321673662
-862775236
800137416
621499211
1166893748
893909413
535384922
1135152856
-1237633517
-1990323028
-824713314
-683872639
1784979
96676015
1754524526
1338091443
1427506184
442198366
-1941606538
1193980532
-256983396
734317910
-64681210
1762783910
-977834820
-1414651122
830783784
-88067700
-2067189166
-1701834762
989786869
1199909773
-2100278471
1641307613
-18207964
-111397320
-402763027
-1353041262
1728417507
2049360520
-1251159166
1225543118
893061097
513163112
1977962455
-1960326832
-1181647925
359866488
602094859
-1407068342
1480238223
-326693615
-147349714
-670364933
-1722982786
1011645319
1593654587
-2128169060
1131839294
-2065285971
-1811439546
-832155264
83331615
235256733
-1947840015
685194614
1005311412
1217328568
-130478556
-2129415567
759297702
-1607110933
-1331110916
-743599765
576750532
1027450420
-492486141
-1315678331
-2058713251
256036452
-1740371550
2112196210
-880201263
-1046950106
982861267
-1347854570
1181065573
1558106687
983863578
-1712117143
1280758615
1205264662
-763644235
301485217
-2127228366
-941926793
336214802
791506576
-1174047389
-946657133
840464256
1738344778
1531266571
-2062397621
-22790871
1756364810
1992711446
1470352045
493892416
1556837461
95080075
1162808766
-261200778
1320499296
-1524664795
-385691271
289517489
786596782
1314535715
-1066691560
1989742591
-1427452419
-983953060
1813792913
-1729957944
-1231883166
1798583701
-1844184477
-419038397
-427619150
-778374378
-1038915183
883959339
-1057256668
-1023406982
283239150
128178353
117743156
1719513543
-1143940965
-2089388108
-354622263
97412542
1824653006
1521663022
-853876071
-1488100237
283898068
-2071687695
-1287203124
-612475105
1305846360
1446729108
1592318175
-1774935756
-1463738139
323680679
90267595
-866192719
1631742377
-1941767379
-710895771
-1979790409
-934848645
817259851
187901960
-853103268
-1113461474
814122044
2086753392
1145353151
-1216970809
1236113287
-1249406488
79410524
-855407140
2009461620
-1935802712
-333544543
961613310
1834829243
123099767
-142204735
1991385673
65728895
-1165073000
-625672505
-1042113574
1362867834
-582039069
1095146477
-1758451055
-275507336
-227741135
-1202974674
-1379560169
334377993
-1670876163
1806393369
1897624866
315558257
1031991111
-509564697
-553520137
-344305949
-325351237
1025341903
-1511306448
-905223954
-465214957
1857285785
190254527
1315762231
1730327736
276848497
1908047154
-544184472
-1996197201
2103294461
-1203605705
-1293861784
-370634317
1675483057
1502578531
922722508
619668637
-1824496287
1498794286
-1315879540
335718156
-784846825
936691266
-2119293447
-2022760639
66579238
1169026292
911904238
1230764618
301777791
-1762477294
-1847668922
907626082
1235113026
1100798175
1793088141
2112958359
-2100244328
-1774296997
-634966279
1371398829
654276287
702076102
859166106
-213894590
-625827738
699240039
1166629840
1934727730
1008075834
-440230263
1740243198
80583996
1839791296
1627615173
-603157636
1236695269
1856759909
647276167
1922005201
450968476
1618671314
-2023291446
-1763803870
530925854
708310917
-1584571355
-1705376284
-589514469
-1473643107
1486208267
1581757400
1463385113
55766260
1667664462
254541881
-959616359
-1926740878
1025774053
1794933038
1457627767
-1134708320
-1817459730
-1043496571
1478219414
-1350207109
2071872757
731176866
1505129660
36905610
2126635126
684156853
729466297
915131442
-1885659232
1580539178
326790095
2029956937
95520859
1507600229
1786241869
-343456792
1737672844
1169249711
516155772
-627906428
-1559834217
1238920810
961539519
2092000831
395028517
-1061831284
-1173098251
-120002948
207088679
-1746561462
-370641119
175844784
-1280352999
-1866613741
1859874637
1882402687
407166603
80209599
-15649366
1856983047
1662632156
1306777096
-609152004
-1225922954
-117288375
-1716344776
1265558580
1646712034
1794374693
1540646948
20560222
1460568
197226601
-1919154600
-1045318979
-1022755787
-449991825
-1284689517
528833843
424902580
1971768826
725271157
-570865946
-1026067256
310776697
2077470326
1742907681
77248812
-2042468212
1427617306
-360166281
-1330912585
-1143511609
1024213602
-2056582355
-1881629708
1664791221
-933419643
-1003907623
1770239474
-489286370
-312724768
1154047558
-1779825833
-904089459
-363994582
753454234
896618683
381041164
973107691
1912414906
-444723662
-700242895
-1081197266
771797485
-33456598
493422430
855849077
1495025343
62618999
-1845048765
-1482110484
-2078216409
1464350892
1180978855
-247828254
894795500
566452908
-970348952
-1703350156
-1821542845
-900743040
-1473899328
-457641590
1068838589
-1519706518
-374382647
-261795833
-354848161
753140281
-1108986302
960268092
-43065070
-1765298466
1286909331
831779229
-255866819
-1745597121
1462246414
627232694
-475180880
493112906
-1726491785
58870367
-321182013
-1157277107
-1893826618
145679406
1697317054
-113352315
-1945883094
262868524
1174382459
-529686028
-1911340975
-206974004
68511050
-1931430281
1538445286
-1457270248
1949826836
-212466921
725960283
-1800933843
284990402
-1623715169
-1796068121
173833961
-634896929
1035516269
569276626
-1963139614
1439806331
1962611085
1548146672
1063949209
1926766675
1641587715
1885585770
-777481489
171279918
1119834983
-424194365
881473495
54980489
1206574007
-1535041254
1237777740
345645174
1108736872
-1365977428
-339796347
1231745472
1441569214
1288950941
1816958823
-906446253
-448168355
1624467703
-1883293637
1954441946
1289711134
-2110486286
-774258528
337526697
-1097416410
-1077760139
-175032893
213658846
-1813658059
-2117885987
-1901140020
617638082
-1325693125
-1069936388
562616987
1391310964
-1896234192
-1686535069
1477150131
-1571986744
-369872604
-158741020
-1886707850
174910828
-600285035
1304235858
125953938
-2014836660
-188560640
12790922
1371808955
-1837413577
-134550854
1118960567
1477036442
-876435006
-249992449
-64375344
-1808206588
772850028
-717699765
137456485
-1478770321
954885634
-1740513304
1004503451
-1226893407
1535381573
1827373512
-945915019
559904937
-749399351
1159507860
1730057044
-81530093
665762079
611272196
-150411072
-323569834
-1987857098
-1533975183
-577681816
-1257373807
2054061822
806978215
-112212889
-223396234
-305427891
222966016
-1063531832
190957958
1957066502
-998245971
-415877044
1227190910
797417335
-1093348266
1219015018
-1787509743
438413571
-30796570
1201429398
-1742613034
-1833633024
1904403103
499812550
-1869091965
-1409728542
-458847116
1364072241
-1506061477
851137688
-1314697577
1128565081
-96192539
1247824438
-750822065
1830427211
-1039640354
-211526189
2045724943
-976465371
-1754079377
-1359541580
-557445180
321052377
-307707486
558078633
1648652142
-996756177
-724866798
319281335
-2060300814
-895762928
-2001563422
1762707958
-2130294227
-1652452352
1989250799
-1622175556
286050892
123999468
-1274315703
2075581947
-826205350
-51590107
1115484382
355701991
-1612679654
-583894868
-763804040
-350649125
1961360662
1377055663
686069480
-1148756611
-1473509385
71433043
1475537283
-1982643937
-238530537
-1325619788
-169327667
-79455896
814600788
2008252457
-1862495884
-563211725
1695316519
2068192972
1048680319
-2100240714
-1490818572
169156665
714630855
148417767
-1452804958
1098181012
279380389
952625946
1834654830
-1463705903
177613036
-820362258
424061692
780393263
-387283943
-1052150678
-1180485969
-1425412604
2001443017
1686560866
-40261319
-137257024
-1824635541
-615544545
1707940725
1985659691
-1526746315
-453621186
-1357178253
-1145366799
-406260901
1704624344
-1644484140
-187679904
2123545470
1807712483
1671665496
1903476847
-940313246
1830517975
695169973
-672559103
-433252892
612025236
2053817514
-1930086293
1528655658
1090418818
866600018
1699666739
-1174474213
-1312019975
-615693891
1107477530
1301811986
716564963
293697212
-1747260323
-1604663859
-860304224
-1502484740
1639312950
-1075657557
313127465
2070486101
-1285870424
-38496490
222854519
48780388
637743996
-1488843971
208477733
448688982
95916934
2119177990
1668681812
1411043334
1595785004
-1675275197
2140714702
368586058
1953803048
1286048803
-441437331
2133685386
1589983116
1979844074
1689428413
2083980689
-1581144826
1691716836
1080874976
849653671
-1378837915
-1618058857
-675360334
239445983
-393970084
1955301943
1083255340
1408045228
277358980
-1048168866
341722893
-398530886
722875559
1583294972
-1464853834
-811702533
-1633654981
1029923723
-912416683
-61586945
1956710955
-965185145
-1084131770
177483912
-1142414627
-189519075
-1781187915
611237213
-1185752464
99270690
-885813625
456480862
-1896114875
83448902
1698488954
-844888360
-1781170495
-2126341752
-17206646
-1014676198
730762576
1932926444
1611994006
-440799928
-893435220
-1508753300
796374851
-573032594
102739038
1033634091
260557344
-1070455081
1424844932
-1031331600
162648075
-1891305313
1864807125
-319011887
1654842066
496527239
1878703586
-2125329618
1733949212
472766728
-1005593442
-1964418335
1192102794
1561118634
-2075901920
325860787
-853170664
-1401225579
-1131000410
-726524655
-1688321079
625244776
-30551843
-125616129
352886403
-1503657143
-1152414114
-1633630901
1529408823
2138756156
1352202876
-434795258
-996638140
-2017008712
1350178876
-1641560784
121138205
1946984823
-255867740
-2071327310
-1776616408
1337605517
778105400
1021732752
1988384745
-1246245700
-303720255
-1731435682
1224767583
-1704403450
-1494852272
-1448131853
1859074990
-843491966
-477088126
-1204288932
-456299267
-1952669581
1778880772
402291731
-1643387231
-2008836458
1765455961
-740549519
934556282
-2067882822
-1519679526
23976032
-806597475
369548438
-827021314
-1084073132
-2141098957
1824695766
-716252197
1214554235
-2059667808
1959152758
-392224020
1461873458
-524484377
26482771
-1889619180
1302418107
1692926796
909318655
-323350813
271340845
1839309626
1138620628
1347730455
1720919467
1490466663
-1450701237
-504144284
-1940674088
1842145845
-1891081586
-580502921
-1529259383
-1963942309
-1046520245
-194353864
1132821436
-1601570364
1518683594
450372431
-1964089399
-520275274
-830680767
299449578
1928538583
853064503
-339315097
1363823036
488948625
137709227
1183201094
-1894368952
1239153176
1611900353
-2022241707
-1148478626
-1184893382
-1683192688
1759784901
1000303846
-1157659676
-1722411268
-1068365797
-553030437
1127406805
1928666974
2009415678
878853530
1896016532
1965374308
-1724881583
-1590962595
2102277028
-1331782860
-1501742716
-80672511
592635893
-1759672617
438850855
1144070159
-597114724
-1166912043
-1665470273
-728180487
-263412026
900119835
-740825379
1985625763
-1156885014
-544237787
-1655815317
839460901
1891069245
-504329640
-1930103735
1719295951
-1729452949
315175343
-197628136
-92293524
-270985341
-1128682598
-8626092
1631291083
-71770574
-907627742
1291892648
-668308102
-1833999821
1352902480
471508349
-760596268
-1701238522
-995416881
-142123565
1303467326
1075315935
-518711856
-1012419500
-1478870611
-1197547295
952327213
-288299610
974821482
-890135413
451705297
1204822528
-189376487
-167597454
-1577198762
-1434211073
-1636132617
914318896
-1165645585
1296410298
1917667938
1794594204
1080967559
1628557843
-320727906
-325465798
-388774870
-619647920
-500327723
-1840738315
543050660
1707698665
-465807009
1685434891
-946749337
2078190755
-1549622204
1697474376
1647207601
-1153104163
17795582
135052406
-489980178
1466048553
-807100798
217619475
1518847578
-940142818
-682560895
493891140
71398890
321305707
42842859
-1164917750
226634092
1472619311
1035955380
412139954
862513388
460014216
-1947840295
-2032517998
2040464986
-1157573527
259380389
21315569
-2096451223
-1377821263
718936624
-1166217914
565994937
-536089736
1822919976
-2003178587
-1413310665
-1587342933
-1800896557
2125453942
1197555908
-1163952422
-809954221
-5063833
1491155220
1863465296
10614316
-1007384669
1359311320
679057764
2533379
-1580571581
2071102751
1917867278
-1501271640
518793733
-365480711
-926338884
-387253674
-1978125253
-311770787
-1366005402
-1639400647
1991289605
-2051000244
-389469217
-1671956945
1034337474
758916149
-1424052882
-663532334
-1554285885
204225691
-1119503971
1536398262
-396014271
5700852
502057296
-163996177
-2036059503
-1420605996
-1643776232
1277869269
1274953109
1498836042
814179529
-1592854518
-1144977547
-305570934
-581704119
-1569963588
-432273265
-186929972
579012010
-1586877657
-1225585493
2069223794
589083771
1803410781
67581555
-1101403280
-288473509
1557551689
275269153
634671080
-396144434
-832747024
1296504697
877965331
1646734419
-1818175494
-1050834182
807466088
-855682379
-1891670671
-718320048
-1311582730
-1034795359
783684295
1303001100
250782229
115486840
-587241955
-507237738
-1190652867
-1091797914
-1367371326
790606433
1036282421
391955891
-191881479
1822413665
427234927
-437083303
1406468351
1533458874
607171762
1210001877
-224308149
-700300871
302916857
1062745665
1817333271
1749322503
1918890139
787273378
1072373791
1685457691
1577082283
71787391
1134875816
-1519267088
-848505695
-1673584974
1624336067
-342623240
1901952057
-1612420223
463575762
2121101391
518008730
-430967824
-1789830325
1907327539
145371835
1219383120
892771771
-1711995212
1554401538
2001141275
-1570040818
-1309284441
-1795485139
-1965633789
1686711820
2014142688
689951093
-494730936
1383673638
634018975
-61603088
220969033
-489464717
-1027300534
1026581302
-1975937954
-1238857996
-1603743140
-1672590009
-1284799260
282228255
555241117
678204076
199698328
-201197925
-1726372461
2068263387
35604776
-1529310905
514396728
-1781952801
1061772039
-2135413120
-146794260
446239288
1364456064
1339238819
-1507430740
-311406081
-1864522482
-290744112
-1832018044
1788946766
-322120214
1020841201
-1617156030
-560569890
-434222876
525749754
-1562118292
-141306896
-1182167434
-284174478
2131462515
377364593
116890901
-2054022863
61871143
-2073990824
1505307594
-369082262
-218466962
738241618
-1120951807
1407880427
-1815619280
-282221663
292860065
1084389027
1843546773
-1857859263
2008672348
-429054108
-392911758
1763416140
-539303609
-1614983958
-123169536
796559518
1160890285
1940490012
1083484366
-1049608004
1499947551
-1469778287
-1752461064
719096305
1710548175
349417301
-377677671
-1035103559
-778099170
2007831532
-1909686915
790981475
-1952970638
-2126881642
1200037915
1669867761
1265380685
148885204
-90063167
-1890659774
414205338
1837328683
1248964625
-430343310
2026017610
-1211365593
-1833250645
1969042305
1495953439
1533034914
1677858859
-1024415694
-882315833
-1996714171
-908064427
1499767861
-1196760276
-894670513
51212687
-1356608633
972946186
99252373
1228417935
-114869735
1907333057
690491081
760535380
-339482449
-443178900
1803317246
1862125913
334429195
225348401
-1841254293
297696008
1951752778
1032272090
-1587205522
2100196972
1082483341
1370125732
1822019796
1404398379
-1557200165
-1740164265
-248323753
989711026
1298819141
-419966826
927447911
1606046129
1514247498
2036728184
-1138630867
263599306
-1112724867
388771158
1693341900
1349444740
-955642524
-435268122
2130975721
150051973
520624547
-2131633272
-147451027
-895077888
1718632538
983347936
1271916937
-783035028
673364426
-2101747804
-1454846982
-1102857354
60042558
-315995978
-2136493939
1479598391
-937757912
1820735861
-599204379
687038377
181130633
-1977277361
-328418180
-842464681
-1833438570
1028029082
619983847
-821815981
-1336695400
21999012
-1053878179
-1559978387
1055431187
-843010808
1306881145
1575974305
410217770
180450883
-1391690946
1859776720
1064272193
-801076858
-567996836
-1822943565
-451287068
79910860
844121265
-154759924
-673282586
-108593617
-1208169198
-762792419
1261491661
748741239
-538539702
453423454
1917054061
-55311116
809426274
163459945
405513170
2110331789
1534340898
309619001
1680543843
-1054553576
309549528
-406431085
-560815037
-740783125
1185290839
892895171
-1009605382
1585455794
1654503234
700284555
-695412908
627482242
-376870518
-1867038120
1757054345
-127184082
1368148276
938795959
-576044131
-827306279
872333919
-1570565370
-1259661815
-2002704948
-991701371
1615592046
1735450267
-327538807
412790272
-497104112
1318597530
56971552
140066256
-1148819074
510526765
-1195142976
2072315291
974777708
-2080262916
126758544
-1177867788
845736102
1808696343
-1272615233
-265720097
508602693
-1380746474
2023669977
-970074476
648473373
431960194
670437468
1221257347
-954618759
-2054745741
-156562805
1501226136
-85255670
-887615366
915172737
-1957927232
-336869861
319348416
620803208
-132694358
344235785
286528367
1077720491
918585298
2093308146
-2145196720
365823113
-1805578822
-125616468
2115459764
-588763541
-443406214
215981561
-483454056
-29285479
1465367931
-716422408
851841539
188375529
1079541887
110606045
-841800525
-1948666728
-7335709
552744420
149805048
2146278748
-441995480
1266126978
977801438
-790185287
770066095
-203854883
-1375488367
816889747
1668337603
-1769433730
1122962941
-1016410108
-1281339939
1853054533
-1254577228
1334335343
-1631392222
-765841251
-363454443
-1226789931
-101578193
-937765393
-412696151
-322629018
251597593
-1754914981
470694352
244971867
-418010961
-1671764571
-581388388
1592359682
30499073
851219565
-118166276
-1548583398
963249190
-1423264605
1059994141
1629030240
-1249820616
-400414152
1943251724
-19820439
759765411
-2014832359
-639718497
-1846904910
2003475359
-1643535016
1031181717
-1825317387
1720225018
-1575288148
438074620
-1648917315
481439002
-988575973
27057874
-1648917956
-2099888830
-1437879051
1645942255
-389816740
461822484
402485252
6601249
669281555
1851976022
-1804217856
502877592
-19564037
1132601336
-1003793848
571792516
-198502111
-1869814699
1625437391
1892840188
1729638684
-1812361031
-1506511788
-1117418207
-975990175
712825379
1668389845
-759700093
-1134121002
-145531061
-1994505403
1789609411
-1940468572
-840522778
-123591812
-32162440
324186961
-1162871769
-1037109906
1753539414
1998342669
-1503646583
1993969823
423691405
-930703285
1903870411
377617622
1223648878
-606727789
1811965244
-1312920816
524025428
-883279466
-1800163016
-1832367689
-673102911
653587842
976767474
-1800804333
685834439
1505042071
-1778106766
-522298112
1859077288
-1024513542
840431073
813475041
1577540800
-342361655
1324428548
-1306383660
851244963
5450607
-1015953402
408957223
72996482
-1108904136
-1396999047
145935625
213561554
-1914637017
-1265789026
272591236
1474571822
89283335
969041124
-2063333974
-2030888324
-48003137
-2074216274
-553672178
-1751566257
1399648234
-1384619175
1617924470
447370636
625262503
-1888907139
-1916493618
-162298289
559662508
-63089038
1756252766
-439309809
-216695903
1943697941
2093574207
-283992321
-995639381
2024778443
593697291
822790071
1518605126
-1922712891
2107101651
-780744941
1276474199
2017892229
1008843861
-1454270885
-1426383487
100452001
-1851197330
968710564
-476457290
-1790481721
-2103750195
-1299474827
2103609105
-461695744
62419689
-1916817236
1741045475
409462328
165331508
-1027485278
-809699061
-1228815107
1364483728
-2034852467
-1035620725
1286581127
1824190210
1204968230
-1482977449
-252489224
-1049347675
1170502027
-2109377426
-2140489500
-687819296
868376677
-1042161874
-540977134
-1809805861
1871156813
-454878748
1044313476
901956398
-300824213
1804881314
402548916
1853188827
1362605664
721002837
-642331104
-586599298
313682277
-1666533866
-1578766584
92909762
537884084
-1427630912
-1026367114
63900439
428130086
-752787262
-1161026434
302328481
-100353507
-2043976651
880065735
-1295028621
-1149483613
-104707792
-332917431
1164933372
1829864403
1273336923
-1179342761
633913025
-1395829641
-614419262
1663677664
1367460940
-259041806
447495403
-1233878031
706705251
231116896
1082202409
-397540739
285568893
-362336517
87578418
-1748913312
-1190469263
-969413696
-626568465
-1834795615
-1995890064
-1877470895
-1764664173
-1864885513
-424307147
-645318883
-1916458001
1454320270
-931707782
836115389
1435350275
-774362102
1123799469
-1545453151
2105749975
-584489268
-1554592029
1145319915
163739020
-176029325
-206465779
-620328550
-2124555091
-1577333339
-431939735
-880134933
1664904906
-75002866
597334330
533101819
1204880711
943385768
-438922566
-1597387856
1310493553
-2058891459
-595717809
-416790054
2114694097
-1274509271
1027337981
1764998036
-361660731
855977316
100678940
-2069217552
-958001589
-1483591745
636132938
-62926638
-1561804000
-269958034
237751202
692108316
689180425
-727850298
308132141
1690916619
1345382511
-1285236154
-1277882984
-1125010720
-506598607
-1336490789
476438823
-1626201662
-1343802699
-1094166177
-2042562583
-1825589534
912867648
457957987
1731062573
-1276238624
-1221949305
-1508549331
-256248268
475438701
-191076474
1003685123
-868591065
-677798608
1915597199
-2090021206
335318347
-521424147
-832171355
1027708969
166570354
-1057240860
862119178
-1935601454
1118162356
1166242167
-1546433514
-760373886
828073823
-2074595314
-837113783
-490619609
-1324509653
-798041282
438155428
-1071074942
1081352114
-625967832
2041576756
-609062867
-868833762
-325954017
-1797509394
1504124895
-1395386845
-447158899
-1013194558
907978223
-1229029329
1862802710
-1019240983
-620427242
582930656
729883133
-1475733118
-1604540808
-1644749642
2003845319
2023113564
-1193569819
-485395703
-978061539
-2117511659
-1156480421
-191599555
-1659881482
1955541603
-1911017009
-97130701
1770999285
61905841
1218977580
597142018
-1121714161
351807981
378011036
23124454
1312218224
-690748256
-1964157947
-312312200
688049567
-1477461186
-1161228075
983860255
-1337762337
-903688513
-396159486
-1843662394
1694059736
986038382
-1907097268
-1616755249
305159031
-1186416128
-753093435
-1076810170
586904081
1325671143
1150247826
-370864039
881493198
1911338728
-1825167629
2080117511
-1500521916
-732302870
-1910546560
-1288789736
660641890
-408492783
121136820
2136577612
1234615183
593676555
-2082253649
-1958638633
-994517998
-129506903
-1526931913
-264636405
1808688563
2055505585
1095995135
1207047511
1510811042
-615815694
98690092
45401199
-1321774440
-1419947369
-1808725228
-477635124
1158640444
412104128
291653704
-915757481
364496583
1014756430
-1279702316
-189113504
-835120150
-1951441410
1768026052
1824459221
112132590
1079802297
1171274218
718415023
-1712955363
-1970486487
331448799
296980143
1697644384
-2015154801
-1798167994
1069091658
-1627323863
-1090846765
2097882199
-187741471
239847058
-1546658340
-1124093797
-2130508236
-1334128954
-1534291167
-666220556
-1598300904
1216826272
1575187072
-994703136
1748626536
1293626769
-454271154
-1872722690
-1283305671
1078517702
-273558610
115665616
-1175060656
-1755246199
-27822042
-144078911
1485949144
-1894698522
1113202799
326428266
1250772303
226197906
-1189985909
-1593832176
2029654465
-1549541624
-274778851
764387441
-698108871
-677728011
-235741708
-596250944
-1501305741
-1014918442
-1843756568
-604231956
1395010518
1226549214
693824745
-1806614488
-242151264
1213577244
797126996
-1811851865
-1099284381
2135981021
389716360
1889565351
753823151
-1371948722
759406265
1669352113
-1242770160
-555280282
1039595779
2046278174
-1644061382
32493826
1289166018
-1556550947
321488514
-1892640943
390969632
-1557591694
-1157849712
1081567857
-1565914130
644511297
1589962067
-120903334
-7332168
-1878409460
1677798452
1134367227
1467367699
289549497
723746957
-1150251358
1959744568
-1479087784
-144836516
-379062880
1230355414
2076836453
1346879539
-2064965844
-1730934749
34261833
-1135630989
1049032071
1325772083
1263100966
-1869574215
-1317837983
637229965
78997715
1659870615
-1776335749
-183251461
944376869
1706219654
-1544012660
810754209
-1683348624
-1019562981
-1549887384
166724945
-877468083
-1804088199
1393794399
495937821
-938187108
-1738958841
-579671325
857497389
967509196
-1391853471
-1649552787
934503633
-398105511
-1332406637
-1446393440
318067417
1698079894
-858040700
-1735304531
528977956
2144133548
-308269648
414791417
1003247990
62931426
-831669991
745623549
758592143
2016351006
2082598527
963910254
1246680184
-872432469
-1836538674
170155933
2125409567
-892761797
-592891945
1785479455
108217382
-672035536
900039490
823546544
211294455
1152986390
-1284239165
1585704532
1466355227
-439351180
-744696436
36841151
-1610238516
-1647096636
-675984638
-206504970
741675976
-264194882
-220320078
533116469
-332027801
1812183004
-968796794
1639156499
941906159
-1440240102
-809697741
690483427
1626835239
-1801327618
1858950901
-1178450851
-2030044631
-959243561
-2019808642
-1223777154
-2087173508
-1114681015
1311369259
709765292
2060137314
-1687113720
-1828553863
-604449508
-1117077651
-399472926
-349985098
-62918280
-1181338024
-1828764157
350344443
-770923077
-1740117485
-795623564
385062745
-917438113
-277901025
573471972
1151025489
1849675962
1386215964
-480891477
-982951799
-43916123
229368991
1692299531
-1618359363
1724231774
-1913187511
-1659207496
-331799309
1324376495
-570561772
1395752858
-1642190094
2030425935
-1679346704
-291344176
-1676171788
2098141575
1427689102
-2006836488
1607809946
27080984
-1761512582
-790799443
1905104415
1266727003
232181615
-372330672
546523856
-1490296150
103321830
-1937903349
-1901251653
1742255614
-1155646737
418223891
1361981606
1324434137
1111413060
1491660588
-1978432701
-1664899482
738111899
2132483954
-600819040
-1334246690
927018556
-561057963
585064932
2061048364
-1295991342
-294413084
1998448184
-2082836781
1663685765
-654097841
344483842
1754861327
1558297159
1194037158
-540513448
1951166010
640938605
-1922966297
415210419
-579407759
1865812098
1293408310
-1938352414
-1223685001
-1856317864
165041262
12841794
1712596952
111908703
-581436456
-1527679700
1693684049
-517055175
727051065
-757815379
-234078865
-1821984371
5536017
297028732
2062559605
-1135169254
920562978
61560616
-705394558
557009935
-394056658
232482705
-1264312589
509695898
1808636933
925366168
-562991099
92548287
-895237186
-276156390
1235984831
-1867411350
1428024388
1855494425
-880592114
-1736769338
-1603910380
-908256964
-182837199
-189922353
-945598140
776403065
-1922272937
330451750
1387110598
581818896
-1802096763
-1417297629
1804687854
-281681478
-1496069187
-1899769040
2095077169
901019682
450495580
1495698772
1742855470
624452244
704885955
1455774478
-151442190
634331635
-2019919046
-650215068
1181513335
1020054768
-513189616
-1959418310
-1739985042
209377656
353808646
1046673639
1874924094
929401198
1437943788
1298437
824330571
247918234
-774755444
-591998840
-1374188933
-133580320
-1908431929
-501550575
-1915967755
2118994356
1799066110
1923740804
-18459861
-445142067
-1701715277
2136742615
1905470234
-1812363752
71431535
2074885933
-1695402288
1110645487
775429861
-474967005
-591482066
-2119639926
-1860523689
-1712478360
-2065095953
2116633525
-633604296
-1380025966
-1665012760
1861017027
1471786002
-846872784
517604497
-791362110
-1175781463
-1635148005
436368835
1954217199
-490823839
-526613999
1058780355
-1643424148
-1161117220
-355809405
-1829627522
-787289552
-354922265
158233517
-42666730
-2099297474
31214998
1116154599
2020215965
1642446105
2027999916
1145441851
-107512801
1799275638
1385257281
-660452042
1803175397
-540545229
-919329890
1355055363
742396408
-1136975993
-971705749
1902388405
1897849315
-2118637957
1191405579
-1894531357
1821228221
1914804633
-1815495097
-1540517767
1284347750
1820643298
1285993001
853269709
-1285423856
214972932
639617578
164962032
-1794294783
-962950708
875518607
1662369862
-824436074
1206934745
958655503
107357273
143218826
1581604498
-1447237447
-418046487
-1472102280
-402582183
1248506644
977019207
-799814242
-1880174848
525765511
-228341790
1994729955
1482383483
876144635
1806989602
-372864998
-2128433961
-1203035714
2051558516
987766408
1905928042
1745591722
-403670875
-1464384093
-731593396
5886598
1091691635
-1565720804
-2096098811
-555626069
-295588767
1441753376
-1323213945
1227175402
1820570059
251175385
-1523242658
2146016428
-1206220999
1075437370
1514304293
-1766650533
234442231
-1069957380
1849051708
1886581505
287135972
836309731
-1791759689
-1711633363
2082384010
1507962181
1561356184
2051667229
1193514095
603386316
-765434303
1455632409
-1084934742
-818401670
-1293837021
2010828828
1721198264
786497773
1601243579
-1202312774
-1692373872
2117356516
-44428865
2143366717
1538890996
853704961
-354810988
-2033953520
-265054711
-1260109104
1215736322
1537554272
-1825711319
1791927047
1199433514
-456998400
1274735352
506888463
-923825482
-1333255796
577184437
554486978
-1368271022
-1134572335
2075787986
-1690979978
-737907876
551702892
1437509829
188280122
-1272151849
1192412848
-493252064
-569780129
613464228
-1691022644
-1094779681
1690951993
-978721549
736636461
591296768
-1269792730
-1064204554
-101600991
-2077393063
-1116739633
1229845463
-2066974788
1724129701
1318974894
1300714732
332961791
-1088673825
-1810028849
1854928681
2050450997
741617363
-80112422
1163763157
1580295072
703437809
1139425104
1320733825
179958613
349534819
-1167645421
1220688948
1283389796
1073059170
2085155372
1077800939
36751419
-1830001723
-892385848
-1089037248
-1416560565
861903066
2050413700
629364328
446514667
-1178177927
-858199318
258260578
1343549821
-876217259
2086802490
252581996
-1092149810
-1356124011
1678109036
16910777
-1828144958
1429421474
2020756597
-1066275743
-301434320
1737265474
1302631369
1036643993
1085334795
1149741286
-337155551
-2038206173
1265022657
1737512767
-1134008707
-2095425273
-789288729
461197078
-1086283668
1419331715
2136582421
1053624157
1757136011
-906235073
-96474354
1673809024
-1772262070
1306919364
-1457293020
1356075776
769442806
-1843382225
-229464358
1307664195
-1790267918
-1221274591
-908391990
1256412837
1008142920
-2036378119
-90776375
-1640444462
-1796357280
-862770875
-1106579128
1440213078
-525551346
-425729931
669504253
372219253
-12597551
498137041
-1845034559
-1388562889
-1539282343
2001884076
-1343789637
2014124231
252366409
-486412839
-1153801794
-980716291
147995966
1206543966
1749362672
-1792629191
-77905648
887712615
116405419
-1794875790
-2136870313
998255741
-1902570585
-1767903602
-1424540624
763055351
-581381288
-475709453
1334319169
537070000
1639172756
-729197731
-378665223
-996440582
-842165128
-1070901006
-392673252
346584017
-1887017332
484881811
-1206806658
-1517909165
932521253
1496287604
35549710
629179759
-50079222
1096322030
1215047446
1410108892
1219129690
-2101718893
172571072
1293574221
-140648276
526469506
1497618139
-1224112926
2051546232
568924925
-552377633
-2141036575
1916764084
478221368
847143982
-2065430363
691702210
-1853955725
-1405203044
69475286
-1981344119
1017236298
1022815537
505216218
-432376608
-746973365
-1703967955
249182858
809631539
-1903338039
1083688267
423234344
-1596843424
218753263
-1966910902
-1531571311
-2064924958
-1486327529
-1490396760
580185518
-577834960
1534904924
1919318960
-1358355920
405980775
1265325933
-1097914953
-640054916
-1098781146
-1979558492
168357537
-1954920478
210027192
793990742
-649087062
104651029
-1018141064
-1856341652
1832621411
-1297031465
-840663695
-213500622
1488766201
-776558861
-866685372
332134254
-167038531
-1587569552
-519353010
354569140
537546463
-1161291773
446944777
956052217
426396029
-505855035
504895155
-1653315483
-1407461668
-1818687963
-1128222164
1719816044
1228677876
-275175393
-2064786396
-1215387873
267559729
880159405
379482997
1397726910
-384642697
-1318486146
-1146888500
981016466
1643123559
2130319589
-116093041
-582524935
854741472
1913750803
833179386
1706496962
